# labeled target locations file
# written Tue Apr 28 17:50:18 CEST 2020
# width=240
# height=180
# timeslicemethod=EventCount
# grayScale=100
# normalize=true
# normalizeDVSForZsNullhop=false
# dvsMinEvents=2000
# timeDurationUsPerFrame=3101
# format=RAW
# compressionQuality=0.9
# frameNumber timestamp x y targetTypeID width height
0 0 1140685368 -1 -1 -1 -1 -1
1 0 1140688783 -1 -1 -1 -1 -1
2 0 1140804139 156 162 0 10 10
3 0 1140809457 156 162 0 10 10
4 0 1141041803 156 162 0 10 10
5 0 1141046755 156 162 0 10 10
6 0 1141160635 157 162 0 10 10
7 0 1141163655 157 162 0 10 10
8 0 1141279467 157 162 0 10 10
9 0 1141280540 157 162 0 10 10
10 0 1141398299 157 162 0 10 10
11 0 1141399599 157 162 0 10 10
12 0 1141517131 157 162 0 10 10
13 0 1141518509 157 162 0 10 10
14 0 1141636008 157 162 0 10 10
15 0 1141639058 157 162 0 10 10
16 0 1141754795 157 162 0 10 10
17 0 1141762607 157 162 0 10 10
18 0 1141873627 157 162 0 10 10
19 0 1141874296 157 162 0 10 10
20 0 1141992574 157 162 0 10 10
21 0 1141994554 157 162 0 10 10
22 0 1142111291 157 162 0 10 10
23 0 1142116086 157 162 0 10 10
24 0 1142230130 156 162 0 10 10
25 0 1142232019 156 162 0 10 10
26 0 1142348955 156 162 0 10 10
27 0 1142350546 156 162 0 10 10
28 0 1142467787 156 162 0 10 10
29 0 1142471078 156 162 0 10 10
30 0 1142586697 156 162 0 10 10
31 0 1142591678 156 162 0 10 10
32 0 1142705451 156 162 0 10 10
33 0 1142708538 156 162 0 10 10
34 0 1142824283 156 162 0 10 10
35 0 1142829482 156 163 0 10 10
36 0 1142943115 157 163 0 10 10
37 0 1142945381 157 163 0 10 10
38 0 1143061947 156 163 0 10 10
39 0 1143063460 156 163 0 10 10
40 0 1143180849 156 163 0 10 10
41 0 1143181434 156 163 0 10 10
42 0 1143299611 157 163 0 10 10
43 0 1143300677 157 163 0 10 10
44 0 1143418443 157 163 0 10 10
45 0 1143419812 157 163 0 10 10
46 0 1143537333 157 163 0 10 10
47 0 1143537333 157 163 0 10 10
48 0 1143656107 157 163 0 10 10
49 0 1143661675 157 163 0 10 10
50 0 1143775002 157 163 0 10 10
51 0 1143775483 157 163 0 10 10
52 0 1143893856 157 163 0 10 10
53 0 1143893856 157 163 0 10 10
54 0 1144012603 157 163 0 10 10
55 0 1144013073 157 163 0 10 10
56 0 1144131435 157 163 0 10 10
57 0 1144139096 157 163 0 10 10
58 0 1144250349 157 163 0 10 10
59 0 1144250349 157 163 0 10 10
60 0 1144369170 157 163 0 10 10
61 0 1144369170 157 163 0 10 10
62 0 1144488016 157 163 0 10 10
63 0 1144488016 157 163 0 10 10
64 0 1144606763 152 162 0 10 10
65 0 1144607269 152 162 0 10 10
66 0 1144725704 148 162 0 10 10
67 0 1144726484 148 162 0 10 10
68 0 1144844472 129 162 0 10 10
69 0 1144844472 129 162 0 10 10
70 0 1144963290 111 163 0 10 10
71 0 1144963472 111 163 0 10 10
72 0 1145082150 104 164 0 10 10
73 0 1145082150 104 164 0 10 10
74 0 1145200981 91 163 0 10 10
75 0 1145201232 91 163 0 10 10
76 0 1145319857 77 162 0 10 10
77 0 1145319959 77 162 0 10 10
78 0 1145438697 74 157 0 10 10
79 0 1145438697 74 157 0 10 10
80 0 1145676251 74 151 0 10 10
81 0 1145676380 74 151 0 10 10
82 0 1145795083 74 143 0 10 10
83 0 1145795600 74 143 0 10 10
84 0 1145914009 74 131 0 10 10
85 0 1145914116 74 131 0 10 10
86 0 1146032842 78 122 0 10 10
87 0 1146032842 78 122 0 10 10
88 0 1146151579 79 123 0 10 10
89 0 1146151958 79 123 0 10 10
90 0 1146270515 79 125 0 10 10
91 0 1146270515 79 125 0 10 10
92 0 1146389243 77 127 0 10 10
93 0 1146389916 77 127 0 10 10
94 0 1146508138 71 125 0 10 10
95 0 1146508138 71 125 0 10 10
96 0 1146626907 69 125 0 10 10
97 0 1146627416 69 125 0 10 10
98 0 1146745862 67 127 0 10 10
99 0 1146745862 67 127 0 10 10
100 0 1146864649 68 126 0 10 10
101 0 1146865053 68 126 0 10 10
102 0 1146983403 68 130 0 10 10
103 0 1146983853 68 130 0 10 10
104 0 1147102294 67 133 0 10 10
105 0 1147102294 67 133 0 10 10
106 0 1147221190 62 141 0 10 10
107 0 1147221190 62 141 0 10 10
108 0 1147339968 60 143 0 10 10
109 0 1147339968 60 143 0 10 10
110 0 1147458773 53 155 0 10 10
111 0 1147458965 53 155 0 10 10
112 0 1147577666 40 160 0 10 10
113 0 1147577666 40 160 0 10 10
114 0 1147696508 35 161 0 10 10
115 0 1147696508 35 161 0 10 10
116 0 1147934079 38 152 0 10 10
117 0 1147934079 38 152 0 10 10
118 0 1148052925 36 144 0 10 10
119 0 1148053089 36 144 0 10 10
120 0 1148290642 32 131 0 10 10
121 0 1148290642 32 131 0 10 10
122 0 1148409491 34 107 0 10 10
123 0 1148410124 34 107 0 10 10
124 0 1148528304 31 99 0 10 10
125 0 1148528304 31 99 0 10 10
126 0 1148647077 33 100 0 10 10
127 0 1148647315 33 100 0 10 10
128 0 1148765883 33 101 0 10 10
129 0 1148766071 33 101 0 10 10
130 0 1148884715 33 101 0 10 10
131 0 1148884953 33 101 0 10 10
132 0 1149003644 33 101 0 10 10
133 0 1149003870 33 101 0 10 10
134 0 1149122379 33 101 0 10 10
135 0 1149123121 33 101 0 10 10
136 0 1149241213 33 101 0 10 10
137 0 1149244645 33 101 0 10 10
138 0 1149360043 33 101 0 10 10
139 0 1149361545 33 101 0 10 10
140 0 1149478875 33 101 0 10 10
141 0 1149479647 33 101 0 10 10
142 0 1149597780 33 101 0 10 10
143 0 1149602434 33 101 0 10 10
144 0 1149716647 32 101 0 10 10
145 0 1149716647 32 101 0 10 10
146 0 1149835371 32 101 0 10 10
147 0 1149835779 32 101 0 10 10
148 0 1149954203 32 101 0 10 10
149 0 1149955913 32 101 0 10 10
150 0 1150073035 32 101 0 10 10
151 0 1150074584 32 101 0 10 10
152 0 1150191932 32 101 0 10 10
153 0 1150192199 32 101 0 10 10
154 0 1150310699 32 101 0 10 10
155 0 1150311828 32 101 0 10 10
156 0 1150429531 32 102 0 10 10
157 0 1150432771 32 102 0 10 10
158 0 1150548363 33 105 0 10 10
159 0 1150551455 33 105 0 10 10
160 0 1150667195 34 106 0 10 10
161 0 1150667665 34 106 0 10 10
162 0 1150786085 40 107 0 10 10
163 0 1150786285 40 107 0 10 10
164 0 1150904859 45 111 0 10 10
165 0 1150905891 45 111 0 10 10
166 0 1151023691 48 112 0 10 10
167 0 1151023846 48 112 0 10 10
168 0 1151142523 49 112 0 10 10
169 0 1151143294 49 112 0 10 10
170 0 1151261411 52 112 0 10 10
171 0 1151261411 52 112 0 10 10
172 0 1151380187 55 110 0 10 10
173 0 1151380447 55 110 0 10 10
174 0 1151499019 56 108 0 10 10
175 0 1151499391 56 108 0 10 10
176 0 1151617851 55 105 0 10 10
177 0 1151618546 55 105 0 10 10
178 0 1151736801 55 102 0 10 10
179 0 1151736801 55 102 0 10 10
180 0 1151855633 54 97 0 10 10
181 0 1151855633 54 97 0 10 10
182 0 1151974347 54 99 0 10 10
183 0 1151974512 54 99 0 10 10
184 0 1152093291 54 92 0 10 10
185 0 1152093327 54 92 0 10 10
186 0 1152212125 41 89 0 10 10
187 0 1152212125 41 89 0 10 10
188 0 1152330935 39 82 0 10 10
189 0 1152330935 39 82 0 10 10
190 0 1152449742 34 74 0 10 10
191 0 1152449742 34 74 0 10 10
192 0 1152568578 36 68 0 10 10
193 0 1152568578 36 68 0 10 10
194 0 1152687414 36 64 0 10 10
195 0 1152687831 36 63 0 10 10
196 0 1152806264 34 59 0 10 10
197 0 1152806264 34 59 0 10 10
198 0 1152925003 34 59 0 10 10
199 0 1152925765 34 59 0 10 10
200 0 1153043835 34 60 0 10 10
201 0 1153044081 34 60 0 10 10
202 0 1153162667 33 60 0 10 10
203 0 1153166290 33 60 0 10 10
204 0 1153281567 33 60 0 10 10
205 0 1153282668 33 60 0 10 10
206 0 1153400331 33 61 0 10 10
207 0 1153403019 33 61 0 10 10
208 0 1153519163 33 61 0 10 10
209 0 1153521362 33 61 0 10 10
210 0 1153637995 33 61 0 10 10
211 0 1153639105 33 61 0 10 10
212 0 1153756952 33 61 0 10 10
213 0 1153756952 33 61 0 10 10
214 0 1153875767 36 60 0 10 10
215 0 1153875767 36 60 0 10 10
216 0 1153994613 38 61 0 10 10
217 0 1153994613 38 61 0 10 10
218 0 1154113443 37 62 0 10 10
219 0 1154113443 37 62 0 10 10
220 0 1154351104 36 61 0 10 10
221 0 1154351138 36 61 0 10 10
222 0 1154469855 34 63 0 10 10
223 0 1154470030 34 63 0 10 10
224 0 1154588651 34 60 0 10 10
225 0 1154589668 34 60 0 10 10
226 0 1154707483 34 60 0 10 10
227 0 1154708086 34 60 0 10 10
228 0 1154826422 34 60 0 10 10
229 0 1154826885 34 60 0 10 10
230 0 1154945147 36 60 0 10 10
231 0 1154948040 36 60 0 10 10
232 0 1155064008 37 61 0 10 10
233 0 1155064497 37 61 0 10 10
234 0 1155182855 37 61 0 10 10
235 0 1155182855 37 61 0 10 10
236 0 1155301752 39 61 0 10 10
237 0 1155301752 39 61 0 10 10
238 0 1155420583 39 61 0 10 10
239 0 1155420583 39 61 0 10 10
240 0 1155539431 37 61 0 10 10
241 0 1155539431 37 61 0 10 10
242 0 1155658244 36 61 0 10 10
243 0 1155658244 36 61 0 10 10
244 0 1155777094 36 61 0 10 10
245 0 1155777094 36 61 0 10 10
246 0 1155895866 35 61 0 10 10
247 0 1155895866 35 61 0 10 10
248 0 1156014754 34 61 0 10 10
249 0 1156014754 34 61 0 10 10
250 0 1156133467 34 61 0 10 10
251 0 1156133742 34 61 0 10 10
252 0 1156252299 41 61 0 10 10
253 0 1156253058 41 61 0 10 10
254 0 1156371164 52 56 0 10 10
255 0 1156371164 52 56 0 10 10
256 0 1156489963 54 52 0 10 10
257 0 1156491553 55 52 0 10 10
258 0 1156608909 57 51 0 10 10
259 0 1156608909 57 51 0 10 10
260 0 1156727710 55 50 0 10 10
261 0 1156727710 55 50 0 10 10
262 0 1156846556 51 50 0 10 10
263 0 1156846556 51 50 0 10 10
264 0 1156965367 50 49 0 10 10
265 0 1156965639 50 49 0 10 10
266 0 1157084123 54 51 0 10 10
267 0 1157084971 54 51 0 10 10
268 0 1157202955 51 51 0 10 10
269 0 1157203166 51 51 0 10 10
270 0 1157321787 43 48 0 10 10
271 0 1157322144 43 48 0 10 10
272 0 1157440734 37 38 0 10 10
273 0 1157440734 37 38 0 10 10
274 0 1157559577 37 33 0 10 10
275 0 1157559577 37 33 0 10 10
276 0 1157678398 43 29 0 10 10
277 0 1157678398 43 29 0 10 10
278 0 1157797231 57 26 0 10 10
279 0 1157797231 57 26 0 10 10
280 0 1157916056 71 21 0 10 10
281 0 1157916337 71 21 0 10 10
282 0 1158034779 90 20 0 10 10
283 0 1158035249 90 20 0 10 10
284 0 1158153642 98 22 0 10 10
285 0 1158153918 98 22 0 10 10
286 0 1158272443 103 20 0 10 10
287 0 1158274561 103 20 0 10 10
288 0 1158391372 103 20 0 10 10
289 0 1158391372 103 20 0 10 10
290 0 1158510209 103 20 0 10 10
291 0 1158510263 103 20 0 10 10
292 0 1158628939 102 20 0 10 10
293 0 1158629116 102 20 0 10 10
294 0 1158747826 101 25 0 10 10
295 0 1158747826 101 25 0 10 10
296 0 1158866633 102 29 0 10 10
297 0 1158866633 102 29 0 10 10
298 0 1158985501 101 35 0 10 10
299 0 1158985501 101 35 0 10 10
300 0 1159104361 101 37 0 10 10
301 0 1159104564 101 37 0 10 10
302 0 1159223215 99 37 0 10 10
303 0 1159223215 99 37 0 10 10
304 0 1159341931 92 39 0 10 10
305 0 1159342621 92 39 0 10 10
306 0 1159460888 88 39 0 10 10
307 0 1159460888 88 39 0 10 10
308 0 1159579713 83 42 0 10 10
309 0 1159579713 83 42 0 10 10
310 0 1159698536 75 48 0 10 10
311 0 1159698536 75 48 0 10 10
312 0 1159817382 72 56 0 10 10
313 0 1159817382 72 56 0 10 10
314 0 1159936185 74 71 0 10 10
315 0 1159936185 74 71 0 10 10
316 0 1160054923 75 74 0 10 10
317 0 1160056460 75 74 0 10 10
318 0 1160173869 77 71 0 10 10
319 0 1160173869 77 71 0 10 10
320 0 1160292650 74 73 0 10 10
321 0 1160292772 74 73 0 10 10
322 0 1160411419 74 74 0 10 10
323 0 1160411735 74 74 0 10 10
324 0 1160530375 77 74 0 10 10
325 0 1160530375 77 74 0 10 10
326 0 1160649083 86 75 0 10 10
327 0 1160649413 86 75 0 10 10
328 0 1160768041 88 74 0 10 10
329 0 1160768041 88 74 0 10 10
330 0 1160886803 100 74 0 10 10
331 0 1160887075 101 74 0 10 10
332 0 1161005671 114 74 0 10 10
333 0 1161005671 114 74 0 10 10
334 0 1161124452 121 80 0 10 10
335 0 1161124452 121 80 0 10 10
336 0 1161243369 128 84 0 10 10
337 0 1161243769 128 84 0 10 10
338 0 1161362155 128 84 0 10 10
339 0 1161362155 128 84 0 10 10
340 0 1161480986 128 83 0 10 10
341 0 1161480986 128 83 0 10 10
342 0 1161599739 129 82 0 10 10
343 0 1161599879 129 82 0 10 10
344 0 1161718571 129 86 0 10 10
345 0 1161718815 129 86 0 10 10
346 0 1161837443 131 90 0 10 10
347 0 1161837774 131 90 0 10 10
348 0 1161956311 131 93 0 10 10
349 0 1161956311 131 93 0 10 10
350 0 1162075193 125 106 0 10 10
351 0 1162075193 125 106 0 10 10
352 0 1162194009 128 110 0 10 10
353 0 1162194076 128 110 0 10 10
354 0 1162312803 123 109 0 10 10
355 0 1162312803 123 109 0 10 10
356 0 1162431566 113 109 0 10 10
357 0 1162431841 113 109 0 10 10
358 0 1162550395 102 112 0 10 10
359 0 1162551016 102 112 0 10 10
360 0 1162788165 94 117 0 10 10
361 0 1162788165 94 117 0 10 10
362 0 1162906955 95 125 0 10 10
363 0 1162906955 95 125 0 10 10
364 0 1163025840 93 126 0 10 10
365 0 1163025840 93 126 0 10 10
366 0 1163144555 93 130 0 10 10
367 0 1163144693 93 130 0 10 10
368 0 1163263405 92 130 0 10 10
369 0 1163263405 92 130 0 10 10
370 0 1163382285 92 123 0 10 10
371 0 1163382402 92 123 0 10 10
372 0 1163501148 92 117 0 10 10
373 0 1163501148 92 117 0 10 10
374 0 1163619947 92 112 0 10 10
375 0 1163619947 92 112 0 10 10
376 0 1163738715 92 108 0 10 10
377 0 1163738850 92 108 0 10 10
378 0 1163857547 94 100 0 10 10
379 0 1163857939 94 100 0 10 10
380 0 1163976442 92 98 0 10 10
381 0 1163976442 92 98 0 10 10
382 0 1164095211 92 104 0 10 10
383 0 1164097548 92 104 0 10 10
384 0 1164214043 92 105 0 10 10
385 0 1164214959 92 105 0 10 10
386 0 1164332998 93 111 0 10 10
387 0 1164332998 93 111 0 10 10
388 0 1164451819 93 118 0 10 10
389 0 1164451819 93 118 0 10 10
390 0 1164570657 93 124 0 10 10
391 0 1164570657 93 124 0 10 10
392 0 1164689497 93 128 0 10 10
393 0 1164689497 93 128 0 10 10
394 0 1164808319 94 131 0 10 10
395 0 1164808319 94 131 0 10 10
396 0 1164927140 107 129 0 10 10
397 0 1164927232 107 129 0 10 10
398 0 1165045867 118 130 0 10 10
399 0 1165046089 118 130 0 10 10
400 0 1165164726 132 125 0 10 10
401 0 1165164993 132 125 0 10 10
402 0 1165283630 139 122 0 10 10
403 0 1165283630 139 122 0 10 10
404 0 1165402363 139 123 0 10 10
405 0 1165403791 139 123 0 10 10
406 0 1165521293 135 122 0 10 10
407 0 1165521685 135 122 0 10 10
408 0 1165640027 136 122 0 10 10
409 0 1165640892 136 122 0 10 10
410 0 1165758933 136 123 0 10 10
411 0 1165758933 136 123 0 10 10
412 0 1165877764 135 131 0 10 10
413 0 1165877764 135 131 0 10 10
414 0 1165996523 137 134 0 10 10
415 0 1165996761 137 134 0 10 10
416 0 1166115447 138 140 0 10 10
417 0 1166115447 138 140 0 10 10
418 0 1166234301 151 147 0 10 10
419 0 1166234301 151 147 0 10 10
420 0 1166353019 159 145 0 10 10
421 0 1166353354 159 145 0 10 10
422 0 1166471851 158 145 0 10 10
423 0 1166472482 158 145 0 10 10
424 0 1166590792 154 135 0 10 10
425 0 1166590792 154 135 0 10 10
426 0 1166709564 156 130 0 10 10
427 0 1166709564 156 130 0 10 10
428 0 1166828347 155 126 0 10 10
429 0 1166829098 155 126 0 10 10
430 0 1166947179 168 120 0 10 10
431 0 1166947419 168 120 0 10 10
432 0 1167066103 176 122 0 10 10
433 0 1167066103 176 122 0 10 10
434 0 1167184843 175 123 0 10 10
435 0 1167186399 175 122 0 10 10
436 0 1167303772 175 121 0 10 10
437 0 1167303772 175 121 0 10 10
438 0 1167422507 175 121 0 10 10
439 0 1167422650 175 121 0 10 10
440 0 1167541459 175 121 0 10 10
441 0 1167541459 175 121 0 10 10
442 0 1167660240 175 123 0 10 10
443 0 1167660240 175 123 0 10 10
444 0 1167779003 174 129 0 10 10
445 0 1167779435 174 129 0 10 10
446 0 1167897876 165 134 0 10 10
447 0 1167897876 165 134 0 10 10
448 0 1168016775 166 133 0 10 10
449 0 1168016933 166 133 0 10 10
450 0 1168135597 170 132 0 10 10
451 0 1168135597 170 132 0 10 10
452 0 1168254442 167 138 0 10 10
453 0 1168254442 167 138 0 10 10
454 0 1168373273 185 147 0 10 10
455 0 1168373273 185 147 0 10 10
456 0 1168492119 195 159 0 10 10
457 0 1168492119 195 159 0 10 10
458 0 1168610928 203 160 0 10 10
459 0 1168610967 203 160 0 10 10
460 0 1168729659 210 162 0 10 10
461 0 1168729907 210 162 0 10 10
462 0 1168848586 208 161 0 10 10
463 0 1168848586 208 161 0 10 10
464 0 1168967345 208 161 0 10 10
465 0 1168967345 208 161 0 10 10
466 0 1169086155 210 155 0 10 10
467 0 1169086492 210 155 0 10 10
468 0 1169205080 210 151 0 10 10
469 0 1169205268 210 151 0 10 10
470 0 1169323825 210 145 0 10 10
471 0 1169323825 210 145 0 10 10
472 0 1169442739 208 135 0 10 10
473 0 1169442739 208 135 0 10 10
474 0 1169561597 208 123 0 10 10
475 0 1169561597 208 123 0 10 10
476 0 1169680426 207 113 0 10 10
477 0 1169680426 207 113 0 10 10
478 0 1169799233 209 110 0 10 10
479 0 1169799233 209 110 0 10 10
480 0 1169918057 209 110 0 10 10
481 0 1169918057 209 110 0 10 10
482 0 1170036885 208 111 0 10 10
483 0 1170036885 208 111 0 10 10
484 0 1170155707 208 112 0 10 10
485 0 1170155707 208 112 0 10 10
486 0 1170274475 208 112 0 10 10
487 0 1170274975 208 112 0 10 10
488 0 1170393369 203 112 0 10 10
489 0 1170394551 203 112 0 10 10
490 0 1170512139 202 112 0 10 10
491 0 1170513952 202 112 0 10 10
492 0 1170631032 202 112 0 10 10
493 0 1170631032 202 112 0 10 10
494 0 1170749875 204 113 0 10 10
495 0 1170749875 204 113 0 10 10
496 0 1170868635 206 113 0 10 10
497 0 1170869699 206 113 0 10 10
498 0 1170987521 203 113 0 10 10
499 0 1170987754 203 113 0 10 10
500 0 1171106299 199 113 0 10 10
501 0 1171106672 198 113 0 10 10
502 0 1171225131 195 112 0 10 10
503 0 1171225428 195 112 0 10 10
504 0 1171344088 191 103 0 10 10
505 0 1171344326 191 103 0 10 10
506 0 1171462841 183 96 0 10 10
507 0 1171463048 183 96 0 10 10
508 0 1171581746 177 90 0 10 10
509 0 1171581746 177 90 0 10 10
510 0 1171700571 168 94 0 10 10
511 0 1171700571 168 94 0 10 10
512 0 1171819338 160 93 0 10 10
513 0 1171819338 160 93 0 10 10
514 0 1171938212 141 92 0 10 10
515 0 1171938212 141 92 0 10 10
516 0 1172056955 141 92 0 10 10
517 0 1172057666 141 92 0 10 10
518 0 1172175845 141 92 0 10 10
519 0 1172175845 141 92 0 10 10
520 0 1172294728 140 84 0 10 10
521 0 1172295196 140 84 0 10 10
522 0 1172413571 139 76 0 10 10
523 0 1172413571 139 76 0 10 10
524 0 1172532357 140 69 0 10 10
525 0 1172532357 140 69 0 10 10
526 0 1172651220 141 60 0 10 10
527 0 1172651220 141 60 0 10 10
528 0 1172770064 140 56 0 10 10
529 0 1172770064 140 56 0 10 10
530 0 1172888851 142 56 0 10 10
531 0 1172889214 142 56 0 10 10
532 0 1173007694 162 54 0 10 10
533 0 1173007694 162 54 0 10 10
534 0 1173126457 170 56 0 10 10
535 0 1173126457 170 56 0 10 10
536 0 1173245379 181 57 0 10 10
537 0 1173245379 181 57 0 10 10
538 0 1173364151 189 59 0 10 10
539 0 1173364151 189 59 0 10 10
540 0 1173483049 189 59 0 10 10
541 0 1173483049 189 59 0 10 10
542 0 1173601851 190 56 0 10 10
543 0 1173601851 190 56 0 10 10
544 0 1173720603 190 56 0 10 10
545 0 1173720918 190 56 0 10 10
546 0 1173839462 190 56 0 10 10
547 0 1173839462 190 56 0 10 10
548 0 1173958267 190 56 0 10 10
549 0 1173958586 190 56 0 10 10
550 0 1174077156 190 58 0 10 10
551 0 1174077670 190 58 0 10 10
552 0 1174195931 191 60 0 10 10
553 0 1174196180 191 60 0 10 10
554 0 1174314763 197 71 0 10 10
555 0 1174315312 197 71 0 10 10
556 0 1174433688 200 77 0 10 10
557 0 1174433688 200 77 0 10 10
558 0 1174552427 206 82 0 10 10
559 0 1174552821 206 82 0 10 10
560 0 1174671293 206 82 0 10 10
561 0 1174673545 206 81 0 10 10
562 0 1174790116 205 78 0 10 10
563 0 1174790116 205 78 0 10 10
564 0 1174908973 207 73 0 10 10
565 0 1174908973 207 73 0 10 10
566 0 1175027859 206 63 0 10 10
567 0 1175027927 206 63 0 10 10
568 0 1175146693 207 49 0 10 10
569 0 1175146693 207 49 0 10 10
570 0 1175265445 205 40 0 10 10
571 0 1175265726 205 40 0 10 10
572 0 1175384256 202 29 0 10 10
573 0 1175384256 202 29 0 10 10
574 0 1175503197 204 17 0 10 10
575 0 1175503197 204 17 0 10 10
576 0 1175622012 204 17 0 10 10
577 0 1175622097 204 17 0 10 10
578 0 1175740772 186 17 0 10 10
579 0 1175740772 186 17 0 10 10
580 0 1175859662 177 17 0 10 10
581 0 1175859662 177 17 0 10 10
582 0 1175978527 164 17 0 10 10
583 0 1175978527 164 17 0 10 10
584 0 1176097243 133 19 0 10 10
585 0 1176097744 133 19 0 10 10
586 0 1176216164 119 23 0 10 10
587 0 1176217073 119 23 0 10 10
588 0 1176335031 116 20 0 10 10
589 0 1176335031 116 20 0 10 10
590 0 1176453856 113 19 0 10 10
591 0 1176453856 113 19 0 10 10
592 0 1176572571 125 19 0 10 10
593 0 1176572871 125 19 0 10 10
594 0 1176691490 135 19 0 10 10
595 0 1176691490 135 19 0 10 10
596 0 1176810238 144 18 0 10 10
597 0 1176810715 144 18 0 10 10
598 0 1176929067 171 18 0 10 10
599 0 1176929369 171 18 0 10 10
600 0 1177047975 189 15 0 10 10
601 0 1177047975 189 15 0 10 10
602 0 1177166804 206 20 0 10 10
603 0 1177167297 206 20 0 10 10
604 0 1177285563 202 19 0 10 10
605 0 1177286601 202 19 0 10 10
606 0 1177404395 201 19 0 10 10
607 0 1177405743 201 19 0 10 10
608 0 1177523227 193 23 0 10 10
609 0 1177523609 193 23 0 10 10
610 0 1177642059 202 22 0 10 10
611 0 1177642748 202 22 0 10 10
612 0 1177760928 204 20 0 10 10
613 0 1177761657 204 20 0 10 10
614 0 1177879723 204 20 0 10 10
615 0 1177880953 204 20 0 10 10
616 0 1177998555 203 19 0 10 10
617 0 1178002766 203 19 0 10 10
618 0 1178117494 203 19 0 10 10
619 0 1178119539 203 19 0 10 10
620 0 1178236219 203 19 0 10 10
621 0 1178236623 203 19 0 10 10
622 0 1178355080 204 19 0 10 10
623 0 1178356547 204 19 0 10 10
624 0 1178473883 204 19 0 10 10
625 0 1178477552 204 19 0 10 10
626 0 1178592715 204 19 0 10 10
627 0 1178595360 204 19 0 10 10
628 0 1178711647 204 19 0 10 10
629 0 1178713457 204 19 0 10 10
630 0 1178830379 203 19 0 10 10
631 0 1178831054 203 19 0 10 10
632 0 1178949233 203 19 0 10 10
633 0 1178951934 203 19 0 10 10
634 0 1179068043 204 19 0 10 10
635 0 1179070588 204 19 0 10 10
636 0 1179186963 204 19 0 10 10
637 0 1179186963 204 19 0 10 10
638 0 1179305832 204 19 0 10 10
639 0 1179305832 204 19 0 10 10
640 0 1179424603 204 19 0 10 10
641 0 1179424603 204 19 0 10 10
642 0 1179543371 204 19 0 10 10
643 0 1179545129 204 19 0 10 10
644 0 1179662203 204 19 0 10 10
645 0 1179662491 204 19 0 10 10
646 0 1179899936 206 22 0 10 10
647 0 1179900620 206 22 0 10 10
648 0 1180018699 206 22 0 10 10
649 0 1180019167 206 22 0 10 10
650 0 1180137531 206 29 0 10 10
651 0 1180139587 207 29 0 10 10
652 0 1180256433 207 34 0 10 10
653 0 1180256433 207 34 0 10 10
654 0 1180375195 207 43 0 10 10
655 0 1180375511 207 43 0 10 10
656 0 1180494088 203 54 0 10 10
657 0 1180494475 203 54 0 10 10
658 0 1180612859 209 64 0 10 10
659 0 1180613003 209 64 0 10 10
660 0 1180731798 206 73 0 10 10
661 0 1180731798 206 73 0 10 10
662 0 1180850645 208 80 0 10 10
663 0 1180850645 208 80 0 10 10
664 0 1180969355 208 83 0 10 10
665 0 1180969820 208 83 0 10 10
666 0 1181088274 207 80 0 10 10
667 0 1181088274 207 80 0 10 10
668 0 1181207081 209 80 0 10 10
669 0 1181207081 209 80 0 10 10
670 0 1181325893 207 80 0 10 10
671 0 1181325893 207 80 0 10 10
672 0 1181444808 201 72 0 10 10
673 0 1181445225 201 72 0 10 10
674 0 1181563515 196 65 0 10 10
675 0 1181563691 196 65 0 10 10
676 0 1181682347 188 59 0 10 10
677 0 1181682735 188 59 0 10 10
678 0 1181801299 161 55 0 10 10
679 0 1181801299 161 55 0 10 10
680 0 1181920132 153 60 0 10 10
681 0 1181920132 153 60 0 10 10
682 0 1182038951 143 56 0 10 10
683 0 1182038951 143 56 0 10 10
684 0 1182157773 141 56 0 10 10
685 0 1182157773 141 56 0 10 10
686 0 1182276507 141 56 0 10 10
687 0 1182276638 141 56 0 10 10
688 0 1182395462 145 56 0 10 10
689 0 1182395462 145 56 0 10 10
690 0 1182514283 146 55 0 10 10
691 0 1182514283 146 55 0 10 10
692 0 1182633004 149 66 0 10 10
693 0 1182633208 149 66 0 10 10
694 0 1182751835 147 76 0 10 10
695 0 1182752088 147 76 0 10 10
696 0 1182870667 144 86 0 10 10
697 0 1182870840 144 86 0 10 10
698 0 1182989601 143 98 0 10 10
699 0 1182989601 143 98 0 10 10
700 0 1183108457 139 108 0 10 10
701 0 1183108457 139 108 0 10 10
702 0 1183227211 149 112 0 10 10
703 0 1183227211 149 112 0 10 10
704 0 1183346081 162 106 0 10 10
705 0 1183346081 162 106 0 10 10
706 0 1183464938 165 103 0 10 10
707 0 1183464938 165 103 0 10 10
708 0 1183583724 176 102 0 10 10
709 0 1183583848 176 102 0 10 10
710 0 1183702610 183 98 0 10 10
711 0 1183702610 183 98 0 10 10
712 0 1183821402 188 94 0 10 10
713 0 1183821402 188 94 0 10 10
714 0 1183940155 199 94 0 10 10
715 0 1183940301 199 94 0 10 10
716 0 1184058987 207 91 0 10 10
717 0 1184059268 207 91 0 10 10
718 0 1184177919 207 94 0 10 10
719 0 1184177919 207 94 0 10 10
720 0 1184296724 208 94 0 10 10
721 0 1184296724 208 94 0 10 10
722 0 1184415551 207 97 0 10 10
723 0 1184415551 207 97 0 10 10
724 0 1184534373 207 99 0 10 10
725 0 1184534373 207 99 0 10 10
726 0 1184653174 208 102 0 10 10
727 0 1184653174 208 102 0 10 10
728 0 1184772013 209 100 0 10 10
729 0 1184772659 209 100 0 10 10
730 0 1184890921 202 100 0 10 10
731 0 1184890921 202 100 0 10 10
732 0 1185009748 191 104 0 10 10
733 0 1185009748 191 104 0 10 10
734 0 1185128579 189 103 0 10 10
735 0 1185128621 189 103 0 10 10
736 0 1185247323 181 100 0 10 10
737 0 1185247323 181 100 0 10 10
738 0 1185366248 171 102 0 10 10
739 0 1185366248 171 102 0 10 10
740 0 1185485081 169 100 0 10 10
741 0 1185485081 169 100 0 10 10
742 0 1185603826 171 93 0 10 10
743 0 1185603826 171 93 0 10 10
744 0 1185722732 169 94 0 10 10
745 0 1185726161 169 94 0 10 10
746 0 1185841467 170 94 0 10 10
747 0 1185842933 170 94 0 10 10
748 0 1185960319 170 94 0 10 10
749 0 1185960771 170 94 0 10 10
750 0 1186079227 188 94 0 10 10
751 0 1186079227 188 94 0 10 10
752 0 1186198006 198 95 0 10 10
753 0 1186198006 198 95 0 10 10
754 0 1186316885 203 95 0 10 10
755 0 1186317075 204 95 0 10 10
756 0 1186435627 208 96 0 10 10
757 0 1186436114 208 97 0 10 10
758 0 1186554572 208 100 0 10 10
759 0 1186554572 208 100 0 10 10
760 0 1186673291 209 101 0 10 10
761 0 1186674532 209 101 0 10 10
762 0 1186792166 209 101 0 10 10
763 0 1186792166 209 101 0 10 10
764 0 1186911068 208 101 0 10 10
765 0 1186911068 208 101 0 10 10
766 0 1187029910 200 101 0 10 10
767 0 1187029910 200 101 0 10 10
768 0 1187148677 196 100 0 10 10
769 0 1187148677 196 100 0 10 10
770 0 1187267556 194 101 0 10 10
771 0 1187267556 194 101 0 10 10
772 0 1187386366 194 107 0 10 10
773 0 1187386366 194 107 0 10 10
774 0 1187505115 197 110 0 10 10
775 0 1187505459 197 110 0 10 10
776 0 1187624015 207 125 0 10 10
777 0 1187624015 207 125 0 10 10
778 0 1187742779 209 129 0 10 10
779 0 1187742918 209 129 0 10 10
780 0 1187861711 207 140 0 10 10
781 0 1187861711 207 140 0 10 10
782 0 1187980453 207 149 0 10 10
783 0 1187980453 207 149 0 10 10
784 0 1188099398 208 157 0 10 10
785 0 1188099398 208 157 0 10 10
786 0 1188218214 208 162 0 10 10
787 0 1188218270 208 162 0 10 10
788 0 1188336939 207 162 0 10 10
789 0 1188337132 207 162 0 10 10
790 0 1188455801 194 161 0 10 10
791 0 1188456001 193 161 0 10 10
792 0 1188574603 177 164 0 10 10
793 0 1188574731 177 164 0 10 10
794 0 1188693435 170 160 0 10 10
795 0 1188694541 170 160 0 10 10
796 0 1188812367 169 160 0 10 10
797 0 1188812396 169 160 0 10 10
798 0 1188931184 167 154 0 10 10
799 0 1188931184 167 154 0 10 10
800 0 1189049998 170 143 0 10 10
801 0 1189049998 170 143 0 10 10
802 0 1189168763 166 134 0 10 10
803 0 1189169099 165 133 0 10 10
804 0 1189287698 170 122 0 10 10
805 0 1189287698 170 122 0 10 10
806 0 1189406551 168 120 0 10 10
807 0 1189406551 168 120 0 10 10
808 0 1189525323 160 122 0 10 10
809 0 1189525323 160 122 0 10 10
810 0 1189644091 149 122 0 10 10
811 0 1189644241 149 122 0 10 10
812 0 1189762923 147 122 0 10 10
813 0 1189763153 147 122 0 10 10
814 0 1189881877 147 122 0 10 10
815 0 1189881877 147 122 0 10 10
816 0 1190000713 143 126 0 10 10
817 0 1190000713 143 126 0 10 10
818 0 1190119454 147 126 0 10 10
819 0 1190119454 147 126 0 10 10
820 0 1190238251 150 135 0 10 10
821 0 1190238570 150 135 0 10 10
822 0 1190357128 149 139 0 10 10
823 0 1190357128 149 139 0 10 10
824 0 1190476041 146 147 0 10 10
825 0 1190476041 146 147 0 10 10
826 0 1190594809 146 146 0 10 10
827 0 1190595157 146 146 0 10 10
828 0 1190713579 139 146 0 10 10
829 0 1190714001 139 146 0 10 10
830 0 1190832527 126 144 0 10 10
831 0 1190832527 126 144 0 10 10
832 0 1190951243 124 146 0 10 10
833 0 1190951570 124 146 0 10 10
834 0 1191070145 124 146 0 10 10
835 0 1191070145 124 146 0 10 10
836 0 1191188962 126 139 0 10 10
837 0 1191189266 126 139 0 10 10
838 0 1191307863 131 131 0 10 10
839 0 1191307863 131 131 0 10 10
840 0 1191426688 134 124 0 10 10
841 0 1191426688 134 124 0 10 10
842 0 1191545528 136 121 0 10 10
843 0 1191545801 136 121 0 10 10
844 0 1191664235 127 122 0 10 10
845 0 1191664525 127 122 0 10 10
846 0 1191783067 121 122 0 10 10
847 0 1191783398 121 122 0 10 10
848 0 1191901910 107 122 0 10 10
849 0 1191902295 107 122 0 10 10
850 0 1192020846 100 121 0 10 10
851 0 1192020846 100 121 0 10 10
852 0 1192139688 93 119 0 10 10
853 0 1192139688 93 119 0 10 10
854 0 1192258395 95 117 0 10 10
855 0 1192258697 95 117 0 10 10
856 0 1192377227 94 113 0 10 10
857 0 1192377840 94 113 0 10 10
858 0 1192496169 93 116 0 10 10
859 0 1192496915 93 116 0 10 10
860 0 1192614891 93 119 0 10 10
861 0 1192615520 93 119 0 10 10
862 0 1192733725 97 112 0 10 10
863 0 1192746251 97 112 0 10 10
864 0 1192852636 93 111 0 10 10
865 0 1192852636 93 111 0 10 10
866 0 1192971445 93 112 0 10 10
867 0 1192971445 93 112 0 10 10
868 0 1193090321 93 117 0 10 10
869 0 1193090321 93 117 0 10 10
870 0 1193209146 95 121 0 10 10
871 0 1193209146 95 121 0 10 10
872 0 1193327883 93 118 0 10 10
873 0 1193328070 93 117 0 10 10
874 0 1193446715 93 116 0 10 10
875 0 1193447667 93 116 0 10 10
876 0 1193565547 93 116 0 10 10
877 0 1193568425 93 116 0 10 10
878 0 1193684444 92 115 0 10 10
879 0 1193685445 92 115 0 10 10
880 0 1193803211 93 115 0 10 10
881 0 1193803551 93 115 0 10 10
882 0 1193922043 93 115 0 10 10
883 0 1193923398 93 115 0 10 10
884 0 1194040875 93 115 0 10 10
885 0 1194041985 93 115 0 10 10
886 0 1194159832 93 112 0 10 10
887 0 1194159832 93 112 0 10 10
888 0 1194278597 93 110 0 10 10
889 0 1194279317 93 110 0 10 10
890 0 1194516203 92 100 0 10 10
891 0 1194516382 92 100 0 10 10
892 0 1194635035 92 98 0 10 10
893 0 1194636501 92 98 0 10 10
894 0 1194753867 93 98 0 10 10
895 0 1194753994 93 98 0 10 10
896 0 1194872804 93 98 0 10 10
897 0 1194872804 93 98 0 10 10
898 0 1194991585 91 104 0 10 10
899 0 1194991585 91 104 0 10 10
900 0 1195110363 92 107 0 10 10
901 0 1195110640 92 107 0 10 10
902 0 1195229300 93 114 0 10 10
903 0 1195229809 93 114 0 10 10
904 0 1195348104 98 120 0 10 10
905 0 1195348104 98 120 0 10 10
906 0 1195466940 109 126 0 10 10
907 0 1195466940 109 126 0 10 10
908 0 1195585792 119 131 0 10 10
909 0 1195585792 119 131 0 10 10
910 0 1195704636 126 135 0 10 10
911 0 1195704636 126 135 0 10 10
912 0 1195823453 130 138 0 10 10
913 0 1195824416 130 138 0 10 10
914 0 1195942187 135 136 0 10 10
915 0 1195942462 135 136 0 10 10
916 0 1196061039 137 131 0 10 10
917 0 1196061221 137 131 0 10 10
918 0 1196179934 134 128 0 10 10
919 0 1196179934 134 128 0 10 10
920 0 1196298683 126 127 0 10 10
921 0 1196299270 126 127 0 10 10
922 0 1196417605 125 121 0 10 10
923 0 1196417898 125 121 0 10 10
924 0 1196536467 119 124 0 10 10
925 0 1196536467 119 124 0 10 10
926 0 1196655291 111 123 0 10 10
927 0 1196655291 111 123 0 10 10
928 0 1196774113 99 119 0 10 10
929 0 1196774113 99 119 0 10 10
930 0 1196892843 89 120 0 10 10
931 0 1196893393 89 120 0 10 10
932 0 1197011798 96 116 0 10 10
933 0 1197011798 96 116 0 10 10
934 0 1197130610 100 111 0 10 10
935 0 1197130610 100 111 0 10 10
936 0 1197249414 93 106 0 10 10
937 0 1197249414 93 106 0 10 10
938 0 1197368246 93 103 0 10 10
939 0 1197368313 93 103 0 10 10
940 0 1197487003 93 98 0 10 10
941 0 1197487241 93 98 0 10 10
942 0 1197605835 93 98 0 10 10
943 0 1197605988 93 98 0 10 10
944 0 1197724684 93 98 0 10 10
945 0 1197724684 93 98 0 10 10
946 0 1197843569 93 98 0 10 10
947 0 1197843569 93 98 0 10 10
948 0 1197962369 93 98 0 10 10
949 0 1197962624 93 98 0 10 10
950 0 1198081163 93 98 0 10 10
951 0 1198083301 93 98 0 10 10
952 0 1198199995 94 99 0 10 10
953 0 1198202839 94 99 0 10 10
954 0 1198318935 95 103 0 10 10
955 0 1198319787 95 103 0 10 10
956 0 1198437659 105 103 0 10 10
957 0 1198438024 105 103 0 10 10
958 0 1198556612 116 103 0 10 10
959 0 1198556612 116 103 0 10 10
960 0 1198675363 121 107 0 10 10
961 0 1198675363 121 107 0 10 10
962 0 1198794163 124 110 0 10 10
963 0 1198794163 124 110 0 10 10
964 0 1198913088 129 107 0 10 10
965 0 1198913288 129 107 0 10 10
966 0 1199031907 128 108 0 10 10
967 0 1199031907 128 108 0 10 10
968 0 1199150776 128 103 0 10 10
969 0 1199150776 128 103 0 10 10
970 0 1199269606 130 105 0 10 10
971 0 1199269606 130 105 0 10 10
972 0 1199388418 128 103 0 10 10
973 0 1199388418 128 103 0 10 10
974 0 1199507241 129 97 0 10 10
975 0 1199507658 129 97 0 10 10
976 0 1199626043 128 88 0 10 10
977 0 1199626043 128 88 0 10 10
978 0 1199744811 124 78 0 10 10
979 0 1199745129 124 78 0 10 10
980 0 1199863728 128 69 0 10 10
981 0 1199863728 128 69 0 10 10
982 0 1199982475 129 67 0 10 10
983 0 1199982732 129 67 0 10 10
984 0 1200101429 128 69 0 10 10
985 0 1200101429 128 69 0 10 10
986 0 1200220165 123 69 0 10 10
987 0 1200220165 123 69 0 10 10
988 0 1200338971 112 69 0 10 10
989 0 1200339334 110 69 0 10 10
990 0 1200457803 97 69 0 10 10
991 0 1200458141 93 69 0 10 10
992 0 1200576635 85 66 0 10 10
993 0 1200576778 85 66 0 10 10
994 0 1200695565 77 69 0 10 10
995 0 1200695565 77 69 0 10 10
996 0 1200814299 72 67 0 10 10
997 0 1200814685 72 67 0 10 10
998 0 1200933131 69 65 0 10 10
999 0 1200933428 69 65 0 10 10
1000 0 1201052082 71 63 0 10 10
1001 0 1201052082 71 63 0 10 10
1002 0 1201170911 69 54 0 10 10
1003 0 1201170911 69 54 0 10 10
1004 0 1201289683 67 52 0 10 10
1005 0 1201289913 67 52 0 10 10
1006 0 1201408459 66 51 0 10 10
1007 0 1201410928 67 50 0 10 10
1008 0 1201527291 68 47 0 10 10
1009 0 1201528393 68 47 0 10 10
1010 0 1201646249 69 47 0 10 10
1011 0 1201651461 69 47 0 10 10
1012 0 1201764955 69 47 0 10 10
1013 0 1201765228 69 47 0 10 10
1014 0 1201883867 69 47 0 10 10
1015 0 1201883867 69 47 0 10 10
1016 0 1202002619 70 47 0 10 10
1017 0 1202003004 70 47 0 10 10
1018 0 1202121451 79 46 0 10 10
1019 0 1202121973 79 45 0 10 10
1020 0 1202240323 85 42 0 10 10
1021 0 1202240884 85 42 0 10 10
1022 0 1202359185 98 35 0 10 10
1023 0 1202359185 98 35 0 10 10
1024 0 1202478061 103 25 0 10 10
1025 0 1202478061 103 25 0 10 10
1026 0 1202596890 97 22 0 10 10
1027 0 1202596907 97 22 0 10 10
1028 0 1202715611 98 22 0 10 10
1029 0 1202715769 98 22 0 10 10
1030 0 1202834446 101 22 0 10 10
1031 0 1202834827 101 22 0 10 10
1032 0 1202953335 99 22 0 10 10
1033 0 1202953335 99 22 0 10 10
1034 0 1203072107 94 22 0 10 10
1035 0 1203073068 94 22 0 10 10
1036 0 1203191013 81 22 0 10 10
1037 0 1203191233 81 22 0 10 10
1038 0 1203309771 74 22 0 10 10
1039 0 1203310476 74 22 0 10 10
1040 0 1203428681 66 22 0 10 10
1041 0 1203428681 66 22 0 10 10
1042 0 1203547442 54 25 0 10 10
1043 0 1203547442 54 25 0 10 10
1044 0 1203666390 37 24 0 10 10
1045 0 1203666390 37 24 0 10 10
1046 0 1203785200 41 29 0 10 10
1047 0 1203785200 41 29 0 10 10
1048 0 1203903954 40 43 0 10 10
1049 0 1203903954 40 43 0 10 10
1050 0 1204022763 36 51 0 10 10
1051 0 1204023185 36 51 0 10 10
1052 0 1204141595 36 51 0 10 10
1053 0 1204145094 36 51 0 10 10
1054 0 1204260427 37 47 0 10 10
1055 0 1204260605 37 47 0 10 10
1056 0 1204379373 35 49 0 10 10
1057 0 1204379373 35 49 0 10 10
1058 0 1204498198 35 49 0 10 10
1059 0 1204498198 35 49 0 10 10
1060 0 1204616923 39 48 0 10 10
1061 0 1204617272 39 48 0 10 10
1062 0 1204735762 40 48 0 10 10
1063 0 1204735762 40 48 0 10 10
1064 0 1204854587 46 49 0 10 10
1065 0 1204855008 46 49 0 10 10
1066 0 1204973508 56 51 0 10 10
1067 0 1204973508 56 51 0 10 10
1068 0 1205092360 52 59 0 10 10
1069 0 1205092360 52 59 0 10 10
1070 0 1205211189 44 64 0 10 10
1071 0 1205211189 44 64 0 10 10
1072 0 1205330021 41 71 0 10 10
1073 0 1205330281 41 71 0 10 10
1074 0 1205448750 37 83 0 10 10
1075 0 1205448750 37 83 0 10 10
1076 0 1205567686 38 91 0 10 10
1077 0 1205567686 38 91 0 10 10
1078 0 1205686501 36 92 0 10 10
1079 0 1205686501 36 92 0 10 10
1080 0 1205805349 35 92 0 10 10
1081 0 1205805349 35 92 0 10 10
1082 0 1205924174 33 91 0 10 10
1083 0 1205924275 33 91 0 10 10
1084 0 1206042907 34 91 0 10 10
1085 0 1206043047 34 91 0 10 10
1086 0 1206161760 34 91 0 10 10
1087 0 1206162140 34 91 0 10 10
1088 0 1206280571 34 91 0 10 10
1089 0 1206280734 34 91 0 10 10
1090 0 1206399403 34 91 0 10 10
1091 0 1206399644 34 91 0 10 10
1092 0 1206518327 45 83 0 10 10
1093 0 1206518808 45 83 0 10 10
1094 0 1206637183 43 82 0 10 10
1095 0 1206637183 43 82 0 10 10
1096 0 1206756007 46 80 0 10 10
1097 0 1206756007 46 80 0 10 10
1098 0 1206874731 51 85 0 10 10
1099 0 1206875097 51 85 0 10 10
1100 0 1206993563 54 91 0 10 10
1101 0 1206994006 54 91 0 10 10
1102 0 1207112520 53 94 0 10 10
1103 0 1207112520 53 94 0 10 10
1104 0 1207231352 52 110 0 10 10
1105 0 1207231352 52 110 0 10 10
1106 0 1207350172 49 119 0 10 10
1107 0 1207350172 49 119 0 10 10
1108 0 1207468989 42 118 0 10 10
1109 0 1207468989 42 118 0 10 10
1110 0 1207587823 37 114 0 10 10
1111 0 1207587823 37 114 0 10 10
1112 0 1207706572 36 113 0 10 10
1113 0 1207706572 36 113 0 10 10
1114 0 1207825387 37 114 0 10 10
1115 0 1207825584 37 114 0 10 10
1116 0 1207944219 34 110 0 10 10
1117 0 1207944571 34 110 0 10 10
1118 0 1208063090 34 112 0 10 10
1119 0 1208063237 34 112 0 10 10
1120 0 1208181983 34 113 0 10 10
1121 0 1208181983 34 113 0 10 10
1122 0 1208300715 33 117 0 10 10
1123 0 1208300945 33 117 0 10 10
1124 0 1208419657 31 128 0 10 10
1125 0 1208420653 31 128 0 10 10
1126 0 1208538473 38 142 0 10 10
1127 0 1208538473 38 142 0 10 10
1128 0 1208657243 47 151 0 10 10
1129 0 1208657360 47 151 0 10 10
1130 0 1208776161 49 160 0 10 10
1131 0 1208776161 49 160 0 10 10
1132 0 1208894921 51 163 0 10 10
1133 0 1208894921 51 163 0 10 10
1134 0 1209013810 64 163 0 10 10
1135 0 1209014182 64 163 0 10 10
1136 0 1209132553 60 162 0 10 10
1137 0 1209132553 60 162 0 10 10
1138 0 1209251396 61 162 0 10 10
1139 0 1209257567 61 162 0 10 10
1140 0 1209370284 63 162 0 10 10
1141 0 1209370284 63 162 0 10 10
1142 0 1209489115 63 162 0 10 10
1143 0 1209489115 63 162 0 10 10
1144 0 1209607962 64 161 0 10 10
1145 0 1209608294 64 161 0 10 10
1146 0 1209726822 64 150 0 10 10
1147 0 1209726822 64 150 0 10 10
1148 0 1209845532 60 142 0 10 10
1149 0 1209845837 60 142 0 10 10
1150 0 1209964363 63 135 0 10 10
1151 0 1209964712 63 135 0 10 10
1152 0 1210083263 78 130 0 10 10
1153 0 1210083263 78 130 0 10 10
1154 0 1210202147 84 124 0 10 10
1155 0 1210202147 84 124 0 10 10
1156 0 1210320859 84 124 0 10 10
1157 0 1210321426 84 124 0 10 10
1158 0 1210439691 80 126 0 10 10
1159 0 1210440010 80 126 0 10 10
1160 0 1210558523 81 143 0 10 10
1161 0 1210558823 81 143 0 10 10
1162 0 1210677355 81 143 0 10 10
1163 0 1210677532 81 143 0 10 10
1164 0 1210796267 81 154 0 10 10
1165 0 1210796267 81 154 0 10 10
1166 0 1210915019 83 162 0 10 10
1167 0 1210915872 83 162 0 10 10
1168 0 1211033851 83 163 0 10 10
1169 0 1211034828 83 163 0 10 10
1170 0 1211152733 92 163 0 10 10
1171 0 1211152733 92 163 0 10 10
1172 0 1211271557 106 163 0 10 10
1173 0 1211271557 106 163 0 10 10
1174 0 1211390404 117 163 0 10 10
1175 0 1211390740 117 163 0 10 10
1176 0 1211509224 129 164 0 10 10
1177 0 1211509224 129 164 0 10 10
1178 0 1211628109 145 163 0 10 10
1179 0 1211628109 145 163 0 10 10
1180 0 1211746967 156 162 0 10 10
1181 0 1211746967 156 162 0 10 10
1182 0 1211865791 142 158 0 10 10
1183 0 1211865791 142 158 0 10 10
1184 0 1211984615 130 159 0 10 10
1185 0 1211984615 130 159 0 10 10
1186 0 1212103441 120 159 0 10 10
1187 0 1212103441 120 159 0 10 10
1188 0 1212222171 104 158 0 10 10
1189 0 1212222333 104 158 0 10 10
1190 0 1212341125 75 164 0 10 10
1191 0 1212341125 75 164 0 10 10
1192 0 1212459835 76 158 0 10 10
1193 0 1212460396 76 158 0 10 10
1194 0 1212578710 74 157 0 10 10
1195 0 1212578710 74 157 0 10 10
1196 0 1212697611 70 152 0 10 10
1197 0 1212697848 70 152 0 10 10
1198 0 1212816448 72 148 0 10 10
1199 0 1212816448 72 148 0 10 10
1200 0 1212935252 76 138 0 10 10
1201 0 1212935252 76 138 0 10 10
1202 0 1213054073 78 126 0 10 10
1203 0 1213054073 78 126 0 10 10
1204 0 1213172953 78 124 0 10 10
1205 0 1213172953 78 124 0 10 10
1206 0 1213291735 79 127 0 10 10
1207 0 1213291815 79 127 0 10 10
1208 0 1213410491 79 127 0 10 10
1209 0 1213410719 79 127 0 10 10
1210 0 1213529449 75 125 0 10 10
1211 0 1213529449 75 125 0 10 10
1212 0 1213648155 65 124 0 10 10
1213 0 1213648526 65 124 0 10 10
1214 0 1213767113 65 126 0 10 10
1215 0 1213767113 65 126 0 10 10
1216 0 1213885925 65 126 0 10 10
1217 0 1213885925 65 126 0 10 10
1218 0 1214004651 68 126 0 10 10
1219 0 1214006205 68 126 0 10 10
1220 0 1214123558 68 126 0 10 10
1221 0 1214123558 68 126 0 10 10
1222 0 1214242325 68 126 0 10 10
1223 0 1214242325 68 126 0 10 10
1224 0 1214361151 67 128 0 10 10
1225 0 1214361151 67 128 0 10 10
1226 0 1214480101 66 135 0 10 10
1227 0 1214480101 66 135 0 10 10
1228 0 1214598811 64 138 0 10 10
1229 0 1214599004 64 138 0 10 10
1230 0 1214717674 60 145 0 10 10
1231 0 1214717674 60 145 0 10 10
1232 0 1214836567 55 154 0 10 10
1233 0 1214836567 55 154 0 10 10
1234 0 1214955386 43 161 0 10 10
1235 0 1214955386 43 161 0 10 10
1236 0 1215074262 34 163 0 10 10
1237 0 1215074262 34 163 0 10 10
1238 0 1215193096 36 161 0 10 10
1239 0 1215193096 36 161 0 10 10
1240 0 1215311803 33 161 0 10 10
1241 0 1215312244 33 161 0 10 10
1242 0 1215430743 39 146 0 10 10
1243 0 1215431067 39 146 0 10 10
1244 0 1215549573 42 136 0 10 10
1245 0 1215549573 42 136 0 10 10
1246 0 1215668381 42 122 0 10 10
1247 0 1215668381 42 122 0 10 10
1248 0 1215787131 41 108 0 10 10
1249 0 1215787555 41 108 0 10 10
1250 0 1215905963 33 102 0 10 10
1251 0 1215906504 33 102 0 10 10
1252 0 1216024896 34 101 0 10 10
1253 0 1216025350 34 101 0 10 10
1254 0 1216143753 33 101 0 10 10
1255 0 1216143753 33 101 0 10 10
1256 0 1216262482 33 101 0 10 10
1257 0 1216262643 33 101 0 10 10
1258 0 1216381291 34 101 0 10 10
1259 0 1216382145 34 101 0 10 10
1260 0 1216500123 33 101 0 10 10
1261 0 1216500330 33 101 0 10 10
1262 0 1216619049 33 101 0 10 10
1263 0 1216619109 33 101 0 10 10
1264 0 1216737787 41 101 0 10 10
1265 0 1216738241 42 101 0 10 10
1266 0 1216856666 49 105 0 10 10
1267 0 1216856666 49 105 0 10 10
1268 0 1216975451 50 106 0 10 10
1269 0 1216975665 50 106 0 10 10
1270 0 1217094405 55 91 0 10 10
1271 0 1217094405 55 91 0 10 10
1272 0 1217213238 55 86 0 10 10
1273 0 1217213238 55 86 0 10 10
1274 0 1217332063 55 89 0 10 10
1275 0 1217332063 55 89 0 10 10
1276 0 1217450833 38 85 0 10 10
1277 0 1217450833 38 85 0 10 10
1278 0 1217569699 38 80 0 10 10
1279 0 1217569699 38 80 0 10 10
1280 0 1217688566 37 77 0 10 10
1281 0 1217688566 37 77 0 10 10
1282 0 1217807275 36 69 0 10 10
1283 0 1217807684 36 69 0 10 10
1284 0 1217926152 36 64 0 10 10
1285 0 1217926152 36 64 0 10 10
1286 0 1218045002 37 63 0 10 10
1287 0 1218045002 37 63 0 10 10
1288 0 1218163891 37 62 0 10 10
1289 0 1218163891 37 62 0 10 10
1290 0 1218282603 37 62 0 10 10
1291 0 1218285072 37 62 0 10 10
1292 0 1218401435 37 61 0 10 10
1293 0 1218402447 37 61 0 10 10
1294 0 1218520393 36 60 0 10 10
1295 0 1218520393 36 60 0 10 10
1296 0 1218639099 35 59 0 10 10
1297 0 1218639448 35 59 0 10 10
1298 0 1218757965 35 59 0 10 10
1299 0 1218760708 35 59 0 10 10
1300 0 1218876763 35 61 0 10 10
1301 0 1218877037 35 61 0 10 10
1302 0 1218995635 36 60 0 10 10
1303 0 1218995635 36 60 0 10 10
1304 0 1219114531 45 60 0 10 10
1305 0 1219115041 45 60 0 10 10
1306 0 1219233378 50 58 0 10 10
1307 0 1219233378 50 58 0 10 10
1308 0 1219352216 56 50 0 10 10
1309 0 1219352216 56 50 0 10 10
1310 0 1219470949 56 50 0 10 10
1311 0 1219470949 56 50 0 10 10
1312 0 1219589755 47 51 0 10 10
1313 0 1219589989 47 51 0 10 10
1314 0 1219708701 41 46 0 10 10
1315 0 1219708701 41 46 0 10 10
1316 0 1219827419 39 32 0 10 10
1317 0 1219827552 39 32 0 10 10
1318 0 1219946374 42 26 0 10 10
1319 0 1219946374 42 26 0 10 10
1320 0 1220065085 53 23 0 10 10
1321 0 1220065085 53 23 0 10 10
1322 0 1220183915 61 22 0 10 10
1323 0 1220184478 61 22 0 10 10
1324 0 1220302826 83 18 0 10 10
1325 0 1220302826 83 18 0 10 10
1326 0 1220421579 89 20 0 10 10
1327 0 1220421869 89 20 0 10 10
1328 0 1220540411 94 21 0 10 10
1329 0 1220541907 95 21 0 10 10
1330 0 1220659243 103 22 0 10 10
1331 0 1220659623 103 22 0 10 10
1332 0 1220778164 97 21 0 10 10
1333 0 1220778164 97 21 0 10 10
1334 0 1221015837 100 23 0 10 10
1335 0 1221015837 100 23 0 10 10
1336 0 1221134641 100 27 0 10 10
1337 0 1221134641 100 27 0 10 10
1338 0 1221253403 100 27 0 10 10
1339 0 1221253676 100 27 0 10 10
1340 0 1221372235 101 37 0 10 10
1341 0 1221372740 101 37 0 10 10
1342 0 1221491176 101 39 0 10 10
1343 0 1221491176 101 39 0 10 10
1344 0 1221610015 99 39 0 10 10
1345 0 1221610015 99 39 0 10 10
1346 0 1221728731 97 38 0 10 10
1347 0 1221729058 97 38 0 10 10
1348 0 1221847601 93 38 0 10 10
1349 0 1221847601 93 38 0 10 10
1350 0 1221966472 81 29 0 10 10
1351 0 1221966472 81 29 0 10 10
1352 0 1222085326 76 22 0 10 10
1353 0 1222085326 76 22 0 10 10
1354 0 1222204178 74 21 0 10 10
1355 0 1222204178 74 21 0 10 10
1356 0 1222323017 78 21 0 10 10
1357 0 1222323017 78 21 0 10 10
1358 0 1222441849 67 26 0 10 10
1359 0 1222441849 67 26 0 10 10
1360 0 1222560676 50 36 0 10 10
1361 0 1222560676 50 36 0 10 10
1362 0 1222679387 49 40 0 10 10
1363 0 1222679664 49 40 0 10 10
1364 0 1222798333 50 39 0 10 10
1365 0 1222798645 50 39 0 10 10
1366 0 1222917051 49 38 0 10 10
1367 0 1222917271 49 38 0 10 10
1368 0 1223035890 57 32 0 10 10
1369 0 1223036030 57 32 0 10 10
1370 0 1223154715 67 26 0 10 10
1371 0 1223155511 67 26 0 10 10
1372 0 1223273547 78 23 0 10 10
1373 0 1223274345 78 23 0 10 10
1374 0 1223392456 99 24 0 10 10
1375 0 1223392576 99 24 0 10 10
1376 0 1223511284 103 23 0 10 10
1377 0 1223511284 103 23 0 10 10
1378 0 1223630118 101 19 0 10 10
1379 0 1223630118 101 19 0 10 10
1380 0 1223748875 101 19 0 10 10
1381 0 1223749026 101 19 0 10 10
1382 0 1223867809 102 19 0 10 10
1383 0 1223867809 102 19 0 10 10
1384 0 1223986664 100 24 0 10 10
1385 0 1223986664 100 24 0 10 10
1386 0 1224105494 100 28 0 10 10
1387 0 1224105494 100 28 0 10 10
1388 0 1224224288 92 36 0 10 10
1389 0 1224224288 92 36 0 10 10
1390 0 1224343035 85 43 0 10 10
1391 0 1224343638 85 43 0 10 10
1392 0 1224461900 80 49 0 10 10
1393 0 1224461900 80 49 0 10 10
1394 0 1224580821 69 69 0 10 10
1395 0 1224580821 69 69 0 10 10
1396 0 1224699650 64 76 0 10 10
1397 0 1224699650 64 76 0 10 10
1398 0 1224818480 66 76 0 10 10
1399 0 1224818480 66 76 0 10 10
1400 0 1224937195 68 73 0 10 10
1401 0 1224937350 68 73 0 10 10
1402 0 1225056074 74 72 0 10 10
1403 0 1225056074 74 72 0 10 10
1404 0 1225174898 83 73 0 10 10
1405 0 1225175141 83 73 0 10 10
1406 0 1225293691 89 72 0 10 10
1407 0 1225294357 89 72 0 10 10
1408 0 1225412545 91 70 0 10 10
1409 0 1225412545 91 70 0 10 10
1410 0 1225531465 110 71 0 10 10
1411 0 1225531613 110 71 0 10 10
1412 0 1225650292 119 77 0 10 10
1413 0 1225650292 119 77 0 10 10
1414 0 1225769089 125 75 0 10 10
1415 0 1225769089 125 75 0 10 10
1416 0 1225887851 127 75 0 10 10
1417 0 1225888431 127 75 0 10 10
1418 0 1226006683 129 74 0 10 10
1419 0 1226007318 129 74 0 10 10
1420 0 1226125618 128 89 0 10 10
1421 0 1226126413 128 89 0 10 10
1422 0 1226244470 129 97 0 10 10
1423 0 1226244470 129 97 0 10 10
1424 0 1226363204 127 108 0 10 10
1425 0 1226363346 127 108 0 10 10
1426 0 1226482011 127 112 0 10 10
1427 0 1226482695 127 112 0 10 10
1428 0 1226600967 112 110 0 10 10
1429 0 1226600967 112 110 0 10 10
1430 0 1226719791 101 111 0 10 10
1431 0 1226719791 101 111 0 10 10
1432 0 1226838561 96 114 0 10 10
1433 0 1226838561 96 114 0 10 10
1434 0 1226957339 96 124 0 10 10
1435 0 1226957622 96 124 0 10 10
1436 0 1227076265 94 129 0 10 10
1437 0 1227076265 94 129 0 10 10
1438 0 1227195031 88 130 0 10 10
1439 0 1227195031 88 130 0 10 10
1440 0 1227313844 93 135 0 10 10
1441 0 1227315063 93 136 0 10 10
1442 0 1227432774 93 134 0 10 10
1443 0 1227432774 93 134 0 10 10
1444 0 1227551499 93 133 0 10 10
1445 0 1227551628 93 133 0 10 10
1446 0 1227670411 91 120 0 10 10
1447 0 1227670706 91 120 0 10 10
1448 0 1227789193 94 105 0 10 10
1449 0 1227789193 94 105 0 10 10
1450 0 1227908017 94 103 0 10 10
1451 0 1227908017 94 103 0 10 10
1452 0 1228026931 93 101 0 10 10
1453 0 1228026931 93 101 0 10 10
1454 0 1228145659 93 101 0 10 10
1455 0 1228146168 93 101 0 10 10
1456 0 1228264534 93 100 0 10 10
1457 0 1228264640 93 100 0 10 10
1458 0 1228383390 93 99 0 10 10
1459 0 1228383390 93 99 0 10 10
1460 0 1228502162 93 99 0 10 10
1461 0 1228502162 93 99 0 10 10
1462 0 1228621101 93 102 0 10 10
1463 0 1228621400 93 102 0 10 10
1464 0 1228739937 91 116 0 10 10
1465 0 1228739937 91 116 0 10 10
1466 0 1228858769 95 125 0 10 10
1467 0 1228858769 95 125 0 10 10
1468 0 1228977592 92 131 0 10 10
1469 0 1228977592 92 131 0 10 10
1470 0 1229096430 100 130 0 10 10
1471 0 1229096430 100 130 0 10 10
1472 0 1229215254 116 134 0 10 10
1473 0 1229215277 116 134 0 10 10
1474 0 1229333979 133 125 0 10 10
1475 0 1229334163 133 125 0 10 10
1476 0 1229452887 134 123 0 10 10
1477 0 1229452887 134 123 0 10 10
1478 0 1229571643 132 123 0 10 10
1479 0 1229571795 132 123 0 10 10
1480 0 1229690475 138 122 0 10 10
1481 0 1229690608 138 122 0 10 10
1482 0 1229809406 136 123 0 10 10
1483 0 1229810062 136 123 0 10 10
1484 0 1229928139 136 123 0 10 10
1485 0 1229928445 136 123 0 10 10
1486 0 1230046976 135 131 0 10 10
1487 0 1230047117 135 131 0 10 10
1488 0 1230165803 139 142 0 10 10
1489 0 1230166028 139 142 0 10 10
1490 0 1230284747 145 144 0 10 10
1491 0 1230284747 145 144 0 10 10
1492 0 1230403543 150 147 0 10 10
1493 0 1230404949 150 147 0 10 10
1494 0 1230522394 155 141 0 10 10
1495 0 1230522394 155 141 0 10 10
1496 0 1230641252 156 135 0 10 10
1497 0 1230641252 156 135 0 10 10
1498 0 1230759963 157 135 0 10 10
1499 0 1230760137 157 135 0 10 10
1500 0 1230878860 162 123 0 10 10
1501 0 1230878860 162 123 0 10 10
1502 0 1230997745 171 119 0 10 10
1503 0 1230997745 171 119 0 10 10
1504 0 1231116579 165 120 0 10 10
1505 0 1231116579 165 120 0 10 10
1506 0 1231235406 173 124 0 10 10
1507 0 1231235406 173 124 0 10 10
1508 0 1231354225 172 126 0 10 10
1509 0 1231354225 172 126 0 10 10
1510 0 1231472959 171 137 0 10 10
1511 0 1231472959 171 137 0 10 10
1512 0 1231591913 167 152 0 10 10
1513 0 1231591913 167 152 0 10 10
1514 0 1231710742 176 162 0 10 10
1515 0 1231710742 176 162 0 10 10
1516 0 1231829574 184 162 0 10 10
1517 0 1231829574 184 162 0 10 10
1518 0 1231948291 195 161 0 10 10
1519 0 1231948291 195 161 0 10 10
1520 0 1232067120 206 157 0 10 10
1521 0 1232067120 206 157 0 10 10
1522 0 1232186047 209 152 0 10 10
1523 0 1232186047 209 152 0 10 10
1524 0 1232304900 207 141 0 10 10
1525 0 1232304900 207 141 0 10 10
1526 0 1232423611 210 132 0 10 10
1527 0 1232424059 210 132 0 10 10
1528 0 1232542538 211 122 0 10 10
1529 0 1232542538 211 122 0 10 10
1530 0 1232661312 208 113 0 10 10
1531 0 1232661312 208 113 0 10 10
1532 0 1232780201 206 110 0 10 10
1533 0 1232780201 206 110 0 10 10
1534 0 1232899056 204 109 0 10 10
1535 0 1232899320 204 109 0 10 10
1536 0 1233017787 195 107 0 10 10
1537 0 1233017787 195 107 0 10 10
1538 0 1233136644 187 111 0 10 10
1539 0 1233136644 187 111 0 10 10
1540 0 1233255435 184 111 0 10 10
1541 0 1233255665 184 111 0 10 10
1542 0 1233374351 189 101 0 10 10
1543 0 1233374351 189 101 0 10 10
1544 0 1233493179 174 92 0 10 10
1545 0 1233493380 174 92 0 10 10
1546 0 1233612012 163 93 0 10 10
1547 0 1233612012 163 93 0 10 10
1548 0 1233730878 152 93 0 10 10
1549 0 1233730878 152 93 0 10 10
1550 0 1233849595 142 94 0 10 10
1551 0 1233849819 142 94 0 10 10
1552 0 1233968437 139 91 0 10 10
1553 0 1233968437 139 91 0 10 10
1554 0 1234087385 143 86 0 10 10
1555 0 1234087385 143 86 0 10 10
1556 0 1234206091 140 75 0 10 10
1557 0 1234206255 140 75 0 10 10
1558 0 1234325046 140 67 0 10 10
1559 0 1234325046 140 67 0 10 10
1560 0 1234443755 140 59 0 10 10
1561 0 1234443926 140 59 0 10 10
1562 0 1234562587 148 56 0 10 10
1563 0 1234562752 148 56 0 10 10
1564 0 1234681530 166 57 0 10 10
1565 0 1234681530 166 57 0 10 10
1566 0 1234800262 175 58 0 10 10
1567 0 1234800262 175 58 0 10 10
1568 0 1235037915 191 56 0 10 10
1569 0 1235038442 191 56 0 10 10
1570 0 1235156821 190 56 0 10 10
1571 0 1235156821 190 56 0 10 10
1572 0 1235275621 190 56 0 10 10
1573 0 1235275799 190 56 0 10 10
1574 0 1235394516 190 56 0 10 10
1575 0 1235394516 190 56 0 10 10
1576 0 1235513360 190 56 0 10 10
1577 0 1235513360 190 56 0 10 10
1578 0 1235632188 188 59 0 10 10
1579 0 1235632470 188 59 0 10 10
1580 0 1235750974 205 74 0 10 10
1581 0 1235750974 205 74 0 10 10
1582 0 1235869774 209 77 0 10 10
1583 0 1235870414 209 77 0 10 10
1584 0 1235988571 207 79 0 10 10
1585 0 1235990350 207 79 0 10 10
1586 0 1236107525 207 79 0 10 10
1587 0 1236107525 207 79 0 10 10
1588 0 1236226340 204 82 0 10 10
1589 0 1236226363 204 82 0 10 10
1590 0 1236345067 206 81 0 10 10
1591 0 1236345320 206 81 0 10 10
1592 0 1236463927 207 71 0 10 10
1593 0 1236464363 207 71 0 10 10
1594 0 1236582731 203 40 0 10 10
1595 0 1236582731 203 40 0 10 10
1596 0 1236701668 205 35 0 10 10
1597 0 1236701668 205 35 0 10 10
1598 0 1236820521 206 25 0 10 10
1599 0 1236820521 206 25 0 10 10
1600 0 1236939344 205 20 0 10 10
1601 0 1236939344 205 20 0 10 10
1602 0 1237058183 200 20 0 10 10
1603 0 1237058183 200 20 0 10 10
1604 0 1237176956 174 18 0 10 10
1605 0 1237177071 174 18 0 10 10
1606 0 1237295723 165 17 0 10 10
1607 0 1237296106 165 17 0 10 10
1608 0 1237414665 150 21 0 10 10
1609 0 1237414665 150 21 0 10 10
1610 0 1237533408 117 24 0 10 10
1611 0 1237533408 117 24 0 10 10
1612 0 1237652345 115 19 0 10 10
1613 0 1237652345 115 19 0 10 10
1614 0 1237771176 115 20 0 10 10
1615 0 1237771176 115 20 0 10 10
1616 0 1237889992 130 19 0 10 10
1617 0 1237889992 130 19 0 10 10
1618 0 1238008817 151 16 0 10 10
1619 0 1238008817 151 16 0 10 10
1620 0 1238127624 156 18 0 10 10
1621 0 1238127624 156 18 0 10 10
1622 0 1238246379 169 19 0 10 10
1623 0 1238246562 169 19 0 10 10
1624 0 1238365337 202 22 0 10 10
1625 0 1238365337 202 22 0 10 10
1626 0 1238484136 203 21 0 10 10
1627 0 1238484136 203 21 0 10 10
1628 0 1238602875 204 21 0 10 10
1629 0 1238603485 205 21 0 10 10
1630 0 1238721823 205 21 0 10 10
1631 0 1238722475 205 21 0 10 10
1632 0 1238840539 201 27 0 10 10
1633 0 1238840765 201 27 0 10 10
1634 0 1238959410 206 36 0 10 10
1635 0 1238959914 206 36 0 10 10
1636 0 1239078215 206 44 0 10 10
1637 0 1239078215 206 44 0 10 10
1638 0 1239197035 205 48 0 10 10
1639 0 1239197905 205 48 0 10 10
1640 0 1239315976 206 57 0 10 10
1641 0 1239316057 206 57 0 10 10
1642 0 1239434699 206 64 0 10 10
1643 0 1239435591 206 64 0 10 10
1644 0 1239553583 206 72 0 10 10
1645 0 1239553583 206 72 0 10 10
1646 0 1239672479 200 82 0 10 10
1647 0 1239672479 200 82 0 10 10
1648 0 1239791270 192 85 0 10 10
1649 0 1239791270 192 85 0 10 10
1650 0 1239910130 190 83 0 10 10
1651 0 1239910130 190 83 0 10 10
1652 0 1240028979 194 82 0 10 10
1653 0 1240028979 194 82 0 10 10
1654 0 1240147812 197 71 0 10 10
1655 0 1240147812 197 71 0 10 10
1656 0 1240266623 197 70 0 10 10
1657 0 1240266623 197 70 0 10 10
1658 0 1240385355 194 69 0 10 10
1659 0 1240385902 194 69 0 10 10
1660 0 1240504265 183 65 0 10 10
1661 0 1240504459 183 65 0 10 10
1662 0 1240623112 162 57 0 10 10
1663 0 1240623112 162 57 0 10 10
1664 0 1240741937 147 57 0 10 10
1665 0 1240741937 147 57 0 10 10
1666 0 1240860794 138 56 0 10 10
1667 0 1240860794 138 56 0 10 10
1668 0 1240979515 142 59 0 10 10
1669 0 1240979745 142 59 0 10 10
1670 0 1241098418 154 73 0 10 10
1671 0 1241098474 154 73 0 10 10
1672 0 1241217179 153 77 0 10 10
1673 0 1241218007 153 77 0 10 10
1674 0 1241336011 147 85 0 10 10
1675 0 1241336584 147 85 0 10 10
1676 0 1241454959 142 89 0 10 10
1677 0 1241454959 142 89 0 10 10
1678 0 1241573675 140 99 0 10 10
1679 0 1241573970 140 99 0 10 10
1680 0 1241692589 144 107 0 10 10
1681 0 1241692589 144 107 0 10 10
1682 0 1241811362 148 112 0 10 10
1683 0 1241811362 148 112 0 10 10
1684 0 1241930171 158 99 0 10 10
1685 0 1241930370 158 98 0 10 10
1686 0 1242049003 172 98 0 10 10
1687 0 1242049003 172 98 0 10 10
1688 0 1242167955 185 94 0 10 10
1689 0 1242167955 185 94 0 10 10
1690 0 1242286747 195 94 0 10 10
1691 0 1242286747 195 94 0 10 10
1692 0 1242405499 206 97 0 10 10
1693 0 1242406394 206 97 0 10 10
1694 0 1242524331 203 103 0 10 10
1695 0 1242524961 203 103 0 10 10
1696 0 1242643251 207 101 0 10 10
1697 0 1242643251 207 101 0 10 10
1698 0 1242762117 208 100 0 10 10
1699 0 1242762117 208 100 0 10 10
1700 0 1242880936 204 100 0 10 10
1701 0 1242880936 204 100 0 10 10
1702 0 1242999778 197 102 0 10 10
1703 0 1242999930 197 102 0 10 10
1704 0 1243118604 196 102 0 10 10
1705 0 1243118604 196 102 0 10 10
1706 0 1243237335 195 102 0 10 10
1707 0 1243237736 195 102 0 10 10
1708 0 1243356155 196 112 0 10 10
1709 0 1243356355 196 112 0 10 10
1710 0 1243474987 200 124 0 10 10
1711 0 1243475143 200 124 0 10 10
1712 0 1243593901 208 134 0 10 10
1713 0 1243594219 208 134 0 10 10
1714 0 1243712768 205 146 0 10 10
1715 0 1243712768 205 146 0 10 10
1716 0 1243831601 211 164 0 10 10
1717 0 1243831601 211 164 0 10 10
1718 0 1243950437 208 159 0 10 10
1719 0 1243950437 208 159 0 10 10
1720 0 1244069259 199 160 0 10 10
1721 0 1244069259 199 160 0 10 10
1722 0 1244188054 183 159 0 10 10
1723 0 1244188452 179 158 0 10 10
1724 0 1244306924 169 157 0 10 10
1725 0 1244306924 169 157 0 10 10
1726 0 1244425735 163 160 0 10 10
1727 0 1244425735 163 160 0 10 10
1728 0 1244544475 170 154 0 10 10
1729 0 1244544980 170 154 0 10 10
1730 0 1244663307 170 145 0 10 10
1731 0 1244663451 170 145 0 10 10
1732 0 1244782207 170 134 0 10 10
1733 0 1244782272 170 134 0 10 10
1734 0 1244900971 170 124 0 10 10
1735 0 1244901123 170 124 0 10 10
1736 0 1245019867 163 120 0 10 10
1737 0 1245019867 163 120 0 10 10
1738 0 1245138749 156 119 0 10 10
1739 0 1245138749 156 119 0 10 10
1740 0 1245257590 147 121 0 10 10
1741 0 1245257590 147 121 0 10 10
1742 0 1245376379 146 123 0 10 10
1743 0 1245376379 146 123 0 10 10
1744 0 1245495131 147 123 0 10 10
1745 0 1245495425 147 123 0 10 10
1746 0 1245613963 149 128 0 10 10
1747 0 1245614218 149 128 0 10 10
1748 0 1245732910 146 138 0 10 10
1749 0 1245732959 146 138 0 10 10
1750 0 1245851732 147 144 0 10 10
1751 0 1245851732 147 144 0 10 10
1752 0 1245970496 140 146 0 10 10
1753 0 1245970625 140 146 0 10 10
1754 0 1246089413 139 146 0 10 10
1755 0 1246089413 139 146 0 10 10
1756 0 1246208123 128 140 0 10 10
1757 0 1246208838 127 140 0 10 10
1758 0 1246327063 128 130 0 10 10
1759 0 1246327083 128 130 0 10 10
1760 0 1246445872 130 128 0 10 10
1761 0 1246445872 130 128 0 10 10
1762 0 1246564649 137 130 0 10 10
1763 0 1246564984 137 130 0 10 10
1764 0 1246683555 135 126 0 10 10
1765 0 1246683555 135 126 0 10 10
1766 0 1246802367 135 126 0 10 10
1767 0 1246802367 135 126 0 10 10
1768 0 1246921216 132 124 0 10 10
1769 0 1246921628 132 124 0 10 10
1770 0 1247039947 133 119 0 10 10
1771 0 1247040865 133 119 0 10 10
1772 0 1247158886 133 124 0 10 10
1773 0 1247158886 133 124 0 10 10
1774 0 1247277641 133 123 0 10 10
1775 0 1247277641 133 123 0 10 10
1776 0 1247396443 121 121 0 10 10
1777 0 1247396634 121 121 0 10 10
1778 0 1247515358 110 124 0 10 10
1779 0 1247515358 110 124 0 10 10
1780 0 1247634220 101 118 0 10 10
1781 0 1247634220 101 118 0 10 10
1782 0 1247753062 94 120 0 10 10
1783 0 1247753062 94 120 0 10 10
1784 0 1247871856 96 122 0 10 10
1785 0 1247872079 96 122 0 10 10
1786 0 1247990670 94 126 0 10 10
1787 0 1247990670 94 126 0 10 10
1788 0 1248109512 93 124 0 10 10
1789 0 1248109512 93 124 0 10 10
1790 0 1248228267 94 124 0 10 10
1791 0 1248228460 94 124 0 10 10
1792 0 1248347168 94 122 0 10 10
1793 0 1248347168 94 122 0 10 10
1794 0 1248466056 94 119 0 10 10
1795 0 1248466056 94 119 0 10 10
1796 0 1248584879 97 109 0 10 10
1797 0 1248584879 97 109 0 10 10
1798 0 1248703720 93 99 0 10 10
1799 0 1248703720 93 99 0 10 10
1800 0 1248822546 93 94 0 10 10
1801 0 1248822715 93 94 0 10 10
1802 0 1248941274 111 103 0 10 10
1803 0 1248941274 111 103 0 10 10
1804 0 1249060146 120 107 0 10 10
1805 0 1249060146 120 107 0 10 10
1806 0 1249179046 125 109 0 10 10
1807 0 1249179046 125 109 0 10 10
1808 0 1249297865 129 107 0 10 10
1809 0 1249297865 129 107 0 10 10
1810 0 1249416699 131 106 0 10 10
1811 0 1249416910 131 106 0 10 10
1812 0 1249535523 128 101 0 10 10
1813 0 1249535523 128 101 0 10 10
1814 0 1249654347 129 100 0 10 10
1815 0 1249654347 129 100 0 10 10
1816 0 1249773124 129 93 0 10 10
1817 0 1249773124 129 93 0 10 10
1818 0 1249891945 128 86 0 10 10
1819 0 1249891945 128 86 0 10 10
1820 0 1250010851 126 79 0 10 10
1821 0 1250010952 126 79 0 10 10
1822 0 1250129685 129 70 0 10 10
1823 0 1250129685 129 70 0 10 10
1824 0 1250248421 130 67 0 10 10
1825 0 1250248923 130 67 0 10 10
1826 0 1250367274 129 67 0 10 10
1827 0 1250367274 129 67 0 10 10
1828 0 1250486147 127 69 0 10 10
1829 0 1250486147 127 69 0 10 10
1830 0 1250604997 114 68 0 10 10
1831 0 1250604997 114 68 0 10 10
1832 0 1250723739 110 68 0 10 10
1833 0 1250724012 110 68 0 10 10
1834 0 1250842694 102 70 0 10 10
1835 0 1250842694 102 70 0 10 10
1836 0 1250961403 92 70 0 10 10
1837 0 1250961546 92 70 0 10 10
1838 0 1251080347 68 68 0 10 10
1839 0 1251080347 68 68 0 10 10
1840 0 1251199191 71 69 0 10 10
1841 0 1251199191 71 69 0 10 10
1842 0 1251317899 72 64 0 10 10
1843 0 1251318336 72 64 0 10 10
1844 0 1251436776 71 56 0 10 10
1845 0 1251436776 71 56 0 10 10
1846 0 1251555683 68 50 0 10 10
1847 0 1251555683 68 50 0 10 10
1848 0 1251674395 67 49 0 10 10
1849 0 1251674850 67 49 0 10 10
1850 0 1251793334 74 48 0 10 10
1851 0 1251793334 74 48 0 10 10
1852 0 1251912129 75 48 0 10 10
1853 0 1251912129 75 48 0 10 10
1854 0 1252030961 84 45 0 10 10
1855 0 1252030961 84 45 0 10 10
1856 0 1252149723 94 36 0 10 10
1857 0 1252150105 94 36 0 10 10
1858 0 1252268665 96 32 0 10 10
1859 0 1252268665 96 32 0 10 10
1860 0 1252387460 100 25 0 10 10
1861 0 1252387460 100 25 0 10 10
1862 0 1252506345 101 22 0 10 10
1863 0 1252506345 101 22 0 10 10
1864 0 1252625177 101 22 0 10 10
1865 0 1252625177 101 22 0 10 10
1866 0 1252743934 84 24 0 10 10
1867 0 1252744040 84 24 0 10 10
1868 0 1252862833 75 24 0 10 10
1869 0 1252862833 75 24 0 10 10
1870 0 1252981669 64 22 0 10 10
1871 0 1252981669 64 22 0 10 10
1872 0 1253100501 50 23 0 10 10
1873 0 1253100876 50 23 0 10 10
1874 0 1253219298 38 24 0 10 10
1875 0 1253219298 38 24 0 10 10
1876 0 1253338154 40 25 0 10 10
1877 0 1253338154 40 25 0 10 10
1878 0 1253456875 39 26 0 10 10
1879 0 1253457214 39 26 0 10 10
1880 0 1253575731 36 45 0 10 10
1881 0 1253575731 36 45 0 10 10
1882 0 1253694645 35 51 0 10 10
1883 0 1253694645 35 51 0 10 10
1884 0 1253813466 36 51 0 10 10
1885 0 1253813466 36 51 0 10 10
1886 0 1253932211 36 51 0 10 10
1887 0 1253932653 36 51 0 10 10
1888 0 1254051035 37 50 0 10 10
1889 0 1254053572 36 49 0 10 10
1890 0 1254169871 36 49 0 10 10
1891 0 1254169871 36 49 0 10 10
1892 0 1254288777 37 49 0 10 10
1893 0 1254288888 37 49 0 10 10
1894 0 1254407531 37 47 0 10 10
1895 0 1254407730 39 46 0 10 10
1896 0 1254526363 50 50 0 10 10
1897 0 1254526918 51 50 0 10 10
1898 0 1254645206 52 55 0 10 10
1899 0 1254645206 52 55 0 10 10
1900 0 1254764151 56 58 0 10 10
1901 0 1254764151 56 58 0 10 10
1902 0 1254882982 58 60 0 10 10
1903 0 1254882982 58 60 0 10 10
1904 0 1255001765 54 59 0 10 10
1905 0 1255001765 54 59 0 10 10
1906 0 1255120523 39 61 0 10 10
1907 0 1255121027 39 61 0 10 10
1908 0 1255239462 34 64 0 10 10
1909 0 1255239462 34 64 0 10 10
1910 0 1255358187 34 68 0 10 10
1911 0 1255358485 34 68 0 10 10
1912 0 1255477105 35 83 0 10 10
1913 0 1255477105 35 83 0 10 10
1914 0 1255595934 44 89 0 10 10
1915 0 1255595934 44 89 0 10 10
1916 0 1255714751 45 91 0 10 10
1917 0 1255714751 45 91 0 10 10
1918 0 1255833633 53 91 0 10 10
1919 0 1255833860 53 91 0 10 10
1920 0 1255952425 57 97 0 10 10
1921 0 1255952425 57 97 0 10 10
1922 0 1256071219 55 100 0 10 10
1923 0 1256071307 55 100 0 10 10
1924 0 1256190132 47 108 0 10 10
1925 0 1256190132 47 108 0 10 10
1926 0 1256308853 43 117 0 10 10
1927 0 1256308853 43 117 0 10 10
1928 0 1256427786 38 119 0 10 10
1929 0 1256427933 38 119 0 10 10
1930 0 1256546633 35 123 0 10 10
1931 0 1256546633 35 123 0 10 10
1932 0 1256665460 35 117 0 10 10
1933 0 1256665460 35 117 0 10 10
1934 0 1256784212 38 126 0 10 10
1935 0 1256784212 38 126 0 10 10
1936 0 1256903097 40 137 0 10 10
1937 0 1256903097 40 137 0 10 10
1938 0 1257021939 49 147 0 10 10
1939 0 1257022290 49 147 0 10 10
1940 0 1257140775 55 155 0 10 10
1941 0 1257140775 55 155 0 10 10
1942 0 1257259524 58 162 0 10 10
1943 0 1257259524 58 162 0 10 10
1944 0 1257378331 64 161 0 10 10
1945 0 1257378498 64 161 0 10 10
1946 0 1257497288 63 162 0 10 10
1947 0 1257497288 63 162 0 10 10
1948 0 1257616012 64 156 0 10 10
1949 0 1257616267 64 156 0 10 10
1950 0 1257734827 64 154 0 10 10
1951 0 1257735247 64 154 0 10 10
1952 0 1257853659 61 152 0 10 10
1953 0 1257853949 61 152 0 10 10
1954 0 1257972579 63 148 0 10 10
1955 0 1257972764 63 148 0 10 10
1956 0 1258091435 65 139 0 10 10
1957 0 1258091435 65 139 0 10 10
1958 0 1258210272 70 135 0 10 10
1959 0 1258210272 70 135 0 10 10
1960 0 1258329111 81 124 0 10 10
1961 0 1258329111 81 124 0 10 10
1962 0 1258447819 83 127 0 10 10
1963 0 1258448276 83 127 0 10 10
1964 0 1258566721 84 126 0 10 10
1965 0 1258566721 84 126 0 10 10
1966 0 1258685483 81 136 0 10 10
1967 0 1258685625 81 136 0 10 10
1968 0 1258804431 82 144 0 10 10
1969 0 1258804431 82 144 0 10 10
1970 0 1258923269 82 152 0 10 10
1971 0 1258923437 82 152 0 10 10
1972 0 1259041979 85 161 0 10 10
1973 0 1259042981 85 161 0 10 10
1974 0 1259160855 86 163 0 10 10
1975 0 1259161278 86 163 0 10 10
1976 0 1259279643 90 164 0 10 10
1977 0 1259280279 92 164 0 10 10
1978 0 1259398475 105 163 0 10 10
1979 0 1259398620 105 163 0 10 10
1980 0 1259517422 124 161 0 10 10
1981 0 1259517695 124 161 0 10 10
1982 0 1259636262 138 164 0 10 10
1983 0 1259636262 138 164 0 10 10
1984 0 1259755057 151 164 0 10 10
1985 0 1259755057 151 164 0 10 10
1986 0 1259873916 157 160 0 10 10
1987 0 1259873916 157 160 0 10 10
1988 0 1259992758 157 160 0 10 10
1989 0 1259992758 157 160 0 10 10
1990 0 1260111589 134 164 0 10 10
1991 0 1260111589 134 164 0 10 10
1992 0 1260230411 123 160 0 10 10
1993 0 1260230411 123 160 0 10 10
1994 0 1260349199 89 162 0 10 10
1995 0 1260349199 89 162 0 10 10
1996 0 1260467975 82 162 0 10 10
1997 0 1260467975 82 162 0 10 10
1998 0 1260586920 77 163 0 10 10
1999 0 1260586920 77 163 0 10 10
2000 0 1260705752 75 160 0 10 10
2001 0 1260705752 75 160 0 10 10
2002 0 1260824509 75 158 0 10 10
2003 0 1260824509 75 158 0 10 10
2004 0 1260943297 76 156 0 10 10
2005 0 1260943670 76 156 0 10 10
2006 0 1261062249 75 151 0 10 10
2007 0 1261062249 75 151 0 10 10
2008 0 1261180955 75 151 0 10 10
2009 0 1261181570 75 151 0 10 10
2010 0 1261299864 76 147 0 10 10
2011 0 1261300047 76 146 0 10 10
2012 0 1261418745 66 125 0 10 10
2013 0 1261418745 66 125 0 10 10
2014 0 1261537565 69 125 0 10 10
2015 0 1261537565 69 125 0 10 10
2016 0 1261656381 66 124 0 10 10
2017 0 1261656381 66 124 0 10 10
2018 0 1261775115 66 125 0 10 10
2019 0 1261775256 66 125 0 10 10
2020 0 1261894047 69 138 0 10 10
2021 0 1261894047 69 138 0 10 10
2022 0 1262012872 63 145 0 10 10
2023 0 1262012872 63 145 0 10 10
2024 0 1262131659 52 150 0 10 10
2025 0 1262131659 52 150 0 10 10
2026 0 1262250461 44 158 0 10 10
2027 0 1262250461 44 158 0 10 10
2028 0 1262369399 36 162 0 10 10
2029 0 1262369399 36 162 0 10 10
2030 0 1262488225 36 162 0 10 10
2031 0 1262488225 36 162 0 10 10
2032 0 1262606939 35 160 0 10 10
2033 0 1262607512 35 160 0 10 10
2034 0 1262725883 37 147 0 10 10
2035 0 1262725883 37 147 0 10 10
2036 0 1262844673 34 136 0 10 10
2037 0 1262844673 34 136 0 10 10
2038 0 1262963439 33 126 0 10 10
2039 0 1262963741 33 126 0 10 10
2040 0 1263082339 33 107 0 10 10
2041 0 1263082339 33 107 0 10 10
2042 0 1263201224 34 99 0 10 10
2043 0 1263201917 34 99 0 10 10
2044 0 1263319931 34 98 0 10 10
2045 0 1263320226 34 98 0 10 10
2046 0 1263438781 38 99 0 10 10
2047 0 1263438894 38 99 0 10 10
2048 0 1263557595 44 103 0 10 10
2049 0 1263557800 44 103 0 10 10
2050 0 1263676427 46 103 0 10 10
2051 0 1263677227 46 103 0 10 10
2052 0 1263795378 55 100 0 10 10
2053 0 1263795378 55 100 0 10 10
2054 0 1263914091 55 94 0 10 10
2055 0 1263914341 55 94 0 10 10
2056 0 1264033043 46 88 0 10 10
2057 0 1264033043 46 88 0 10 10
2058 0 1264151799 40 84 0 10 10
2059 0 1264151799 40 84 0 10 10
2060 0 1264270587 37 84 0 10 10
2061 0 1264270587 37 84 0 10 10
2062 0 1264389501 38 76 0 10 10
2063 0 1264390115 38 76 0 10 10
2064 0 1264508251 34 63 0 10 10
2065 0 1264508711 34 63 0 10 10
2066 0 1264627155 38 57 0 10 10
2067 0 1264627155 38 57 0 10 10
2068 0 1264746037 37 58 0 10 10
2069 0 1264746037 37 58 0 10 10
2070 0 1264864747 36 60 0 10 10
2071 0 1264865134 36 60 0 10 10
2072 0 1264983653 36 60 0 10 10
2073 0 1264983952 36 60 0 10 10
2074 0 1265102411 35 59 0 10 10
2075 0 1265104330 35 59 0 10 10
2076 0 1265221246 35 59 0 10 10
2077 0 1265221246 35 59 0 10 10
2078 0 1265340075 35 59 0 10 10
2079 0 1265349015 35 59 0 10 10
2080 0 1265458907 35 59 0 10 10
2081 0 1265459457 35 59 0 10 10
2082 0 1265577790 37 59 0 10 10
2083 0 1265578774 39 59 0 10 10
2084 0 1265696571 38 59 0 10 10
2085 0 1265697630 38 59 0 10 10
2086 0 1265815403 38 59 0 10 10
2087 0 1265817080 38 59 0 10 10
2088 0 1265934357 37 59 0 10 10
2089 0 1265934469 37 59 0 10 10
2090 0 1266053067 37 59 0 10 10
2091 0 1266054856 38 59 0 10 10
2092 0 1266172018 41 59 0 10 10
2093 0 1266172018 41 59 0 10 10
2094 0 1266290830 40 59 0 10 10
2095 0 1266290830 40 59 0 10 10
2096 0 1266409590 40 59 0 10 10
2097 0 1266409590 40 59 0 10 10
2098 0 1266528510 38 61 0 10 10
2099 0 1266531976 38 62 0 10 10
2100 0 1266647227 38 62 0 10 10
2101 0 1266649269 38 62 0 10 10
2102 0 1266766096 39 63 0 10 10
2103 0 1266776719 39 63 0 10 10
2104 0 1266884891 39 63 0 10 10
2105 0 1266885771 39 63 0 10 10
2106 0 1267003723 39 63 0 10 10
2107 0 1267009827 39 63 0 10 10
2108 0 1267122663 39 63 0 10 10
2109 0 1267123004 39 63 0 10 10
2110 0 1267241387 39 63 0 10 10
2111 0 1267243553 39 63 0 10 10
2112 0 1267360219 39 63 0 10 10
2113 0 1267360549 39 63 0 10 10
2114 0 1267479051 39 63 0 10 10
2115 0 1267481743 39 63 0 10 10
2116 0 1267597883 39 63 0 10 10
2117 0 1267601338 39 63 0 10 10
2118 0 1267716737 39 63 0 10 10
2119 0 1267717880 39 63 0 10 10
2120 0 1267835673 39 63 0 10 10
2121 0 1267835673 39 63 0 10 10
2122 0 1267954424 39 63 0 10 10
2123 0 1267954424 39 63 0 10 10
2124 0 1268073303 38 64 0 10 10
2125 0 1268073898 38 64 0 10 10
2126 0 1268192043 34 71 0 10 10
2127 0 1268193381 34 71 0 10 10
2128 0 1268310999 36 75 0 10 10
2129 0 1268310999 36 75 0 10 10
2130 0 1268429707 37 77 0 10 10
2131 0 1268429851 37 77 0 10 10
2132 0 1268548539 40 78 0 10 10
2133 0 1268549778 40 77 0 10 10
2134 0 1268667427 41 76 0 10 10
2135 0 1268668409 41 76 0 10 10
2136 0 1268786203 38 76 0 10 10
2137 0 1268786908 38 76 0 10 10
2138 0 1268905035 39 70 0 10 10
2139 0 1268905400 39 70 0 10 10
2140 0 1269023993 42 64 0 10 10
2141 0 1269024026 42 64 0 10 10
2142 0 1269142699 39 63 0 10 10
2143 0 1269146646 39 63 0 10 10
2144 0 1269261580 39 63 0 10 10
2145 0 1269262140 39 63 0 10 10
2146 0 1269380363 39 63 0 10 10
2147 0 1269380522 39 63 0 10 10
2148 0 1269499195 39 63 0 10 10
2149 0 1269499590 39 63 0 10 10
2150 0 1269618148 39 63 0 10 10
2151 0 1269618148 39 63 0 10 10
2152 0 1269736859 39 63 0 10 10
2153 0 1269740899 39 63 0 10 10
2154 0 1269855733 39 63 0 10 10
2155 0 1269858656 39 63 0 10 10
2156 0 1269974523 39 63 0 10 10
2157 0 1269975188 39 63 0 10 10
2158 0 1270093355 39 63 0 10 10
2159 0 1270095029 39 63 0 10 10
2160 0 1270212299 39 63 0 10 10
2161 0 1270212316 39 63 0 10 10
2162 0 1270331116 39 63 0 10 10
2163 0 1270331116 39 63 0 10 10
2164 0 1270449869 39 63 0 10 10
2165 0 1270450439 39 63 0 10 10
2166 0 1270568773 39 63 0 10 10
2167 0 1270568773 39 63 0 10 10
2168 0 1270687526 39 63 0 10 10
2169 0 1270687526 39 63 0 10 10
