# timecode file relating frames of AVI file to AER timestamps
# written Wed Apr 01 14:52:46 CEST 2020
# width=100
# height=100
# timeslicemethod=EventCount
# grayScale=100
# normalize=true
# normalizeDVSForZsNullhop=false
# dvsMinEvents=2000
# timeDurationUsPerFrame=3101
# format=RAW
# compressionQuality=0.9
# frameNumber timestamp
0 1140685368
1 1140688783
2 1140804139
3 1140809457
4 1141041803
5 1141046755
6 1141160635
7 1141163655
8 1141279467
9 1141280540
10 1141398299
11 1141399599
12 1141517131
13 1141518509
14 1141636008
15 1141639058
16 1141754795
17 1141762607
18 1141873627
19 1141874296
20 1141992574
21 1141994554
22 1142111291
23 1142116086
24 1142230130
25 1142232019
26 1142348955
27 1142350546
28 1142467787
29 1142471078
30 1142586697
31 1142591678
32 1142705451
33 1142708538
34 1142824283
35 1142829482
36 1142943115
37 1142945381
38 1143061947
39 1143063460
40 1143180849
41 1143181434
42 1143299611
43 1143300677
44 1143418443
45 1143419812
46 1143537333
47 1143537333
48 1143656107
49 1143661675
50 1143775002
51 1143775483
52 1143893856
53 1143893856
54 1144012603
55 1144013073
56 1144131435
57 1144139096
58 1144250349
59 1144250349
60 1144369170
61 1144369170
62 1144488016
63 1144488016
64 1144606763
65 1144607269
66 1144725704
67 1144726484
68 1144844472
69 1144844472
70 1144963290
71 1144963472
72 1145082150
73 1145082150
74 1145200981
75 1145200981
76 1145319857
77 1145319959
78 1145438697
79 1145438697
80 1145676251
81 1145676380
82 1145795083
83 1145795600
84 1145914009
85 1145914116
86 1146032842
87 1146032842
88 1146151579
89 1146151958
90 1146270515
91 1146270515
92 1146389243
93 1146389916
94 1146508138
95 1146508138
96 1146626907
97 1146627416
98 1146745862
99 1146745862
100 1146864649
101 1146865053
102 1146983403
103 1146983853
104 1147102294
105 1147102294
106 1147221190
107 1147221190
108 1147339968
109 1147339968
110 1147458773
111 1147458965
112 1147577666
113 1147577666
114 1147696508
115 1147696508
116 1147934079
117 1147934079
118 1148052925
119 1148053089
120 1148290642
121 1148290642
122 1148409491
123 1148410124
124 1148528304
125 1148528304
126 1148647077
127 1148647315
128 1148765883
129 1148766071
130 1148884715
131 1148884953
132 1149003644
133 1149003870
134 1149122379
135 1149123121
136 1149241213
137 1149244645
138 1149360043
139 1149361545
140 1149478875
141 1149479647
142 1149597780
143 1149602434
144 1149716647
145 1149716647
146 1149835371
147 1149835779
148 1149954203
149 1149955913
150 1150073035
151 1150074584
152 1150191932
153 1150192199
154 1150310699
155 1150311828
156 1150429531
157 1150432771
158 1150548363
159 1150551455
160 1150667195
161 1150667665
162 1150786085
163 1150786285
164 1150904859
165 1150905891
166 1151023691
167 1151023846
168 1151142523
169 1151143294
170 1151261411
171 1151261411
172 1151380187
173 1151380447
174 1151499019
175 1151499391
176 1151617851
177 1151618546
178 1151736801
179 1151736801
180 1151855633
181 1151855633
182 1151974347
183 1151974512
184 1152093291
185 1152093327
186 1152212125
187 1152212125
188 1152330935
189 1152330935
190 1152449742
191 1152449742
192 1152568578
193 1152568578
194 1152687414
195 1152687831
196 1152806264
197 1152806264
198 1152925003
199 1152925765
200 1153043835
201 1153044081
202 1153162667
203 1153166290
204 1153281567
205 1153282668
206 1153400331
207 1153403019
208 1153519163
209 1153521362
210 1153637995
211 1153639105
212 1153756952
213 1153756952
214 1153875767
215 1153875767
216 1153994613
217 1153994613
218 1154113443
219 1154113443
220 1154351104
221 1154351138
222 1154469855
223 1154470030
224 1154588651
225 1154589668
226 1154707483
227 1154708086
228 1154826422
229 1154826885
230 1154945147
231 1154948040
232 1155064008
233 1155064497
234 1155182855
235 1155182855
236 1155301752
237 1155301752
238 1155420583
239 1155420583
240 1155539431
241 1155539431
242 1155658244
243 1155658244
244 1155777094
245 1155777094
246 1155895866
247 1155895866
248 1156014754
249 1156014754
250 1156133467
251 1156133742
252 1156252299
253 1156253058
254 1156371164
255 1156371164
256 1156489963
257 1156491553
258 1156608909
259 1156608909
260 1156727710
261 1156727710
262 1156846556
263 1156846556
264 1156965367
265 1156965639
266 1157084123
267 1157084971
268 1157202955
269 1157203166
270 1157321787
271 1157322144
272 1157440734
273 1157440734
274 1157559577
275 1157559577
276 1157678398
277 1157678398
278 1157797231
279 1157797231
280 1157916056
281 1157916337
282 1158034779
283 1158035249
284 1158153642
285 1158153918
286 1158272443
287 1158274561
288 1158391372
289 1158391372
290 1158510209
291 1158510263
292 1158628939
293 1158629116
294 1158747826
295 1158747826
296 1158866633
297 1158866633
298 1158985501
299 1158985501
300 1159104361
301 1159104564
302 1159223215
303 1159223215
304 1159341931
305 1159342621
306 1159460888
307 1159460888
308 1159579713
309 1159579713
310 1159698536
311 1159698536
312 1159817382
313 1159817382
314 1159936185
315 1159936185
316 1160054923
317 1160056460
318 1160173869
319 1160173869
320 1160292650
321 1160292772
322 1160411419
323 1160411735
324 1160530375
325 1160530375
326 1160649083
327 1160649413
328 1160768041
329 1160768041
330 1160886803
331 1160887075
332 1161005671
333 1161005671
334 1161124452
335 1161124452
336 1161243369
337 1161243769
338 1161362155
339 1161362155
340 1161480986
341 1161480986
342 1161599739
343 1161599879
344 1161718571
345 1161718815
346 1161837443
347 1161837774
348 1161956311
349 1161956311
350 1162075193
351 1162075193
352 1162194009
353 1162194076
354 1162312803
355 1162312803
356 1162431566
357 1162431841
358 1162550395
359 1162551016
360 1162788165
361 1162788165
362 1162906955
363 1162906955
364 1163025840
365 1163025840
366 1163144555
367 1163144693
368 1163263405
369 1163263405
370 1163382285
371 1163382402
372 1163501148
373 1163501148
374 1163619947
375 1163619947
376 1163738715
377 1163738850
378 1163857547
379 1163857939
380 1163976442
381 1163976442
382 1164095211
383 1164097548
384 1164214043
385 1164214959
386 1164332998
387 1164332998
388 1164451819
389 1164451819
390 1164570657
391 1164570657
392 1164689497
393 1164689497
394 1164808319
395 1164808319
396 1164927140
397 1164927232
398 1165045867
399 1165046089
400 1165164726
401 1165164993
402 1165283630
403 1165283630
404 1165402363
405 1165403791
406 1165521293
407 1165521685
408 1165640027
409 1165640892
410 1165758933
411 1165758933
412 1165877764
413 1165877764
414 1165996523
415 1165996761
416 1166115447
417 1166115447
418 1166234301
419 1166234301
420 1166353019
421 1166353354
422 1166471851
423 1166472482
424 1166590792
425 1166590792
426 1166709564
427 1166709564
428 1166828347
429 1166829098
430 1166947179
431 1166947419
432 1167066103
433 1167066103
434 1167184843
435 1167186399
436 1167303772
437 1167303772
438 1167422507
439 1167422650
440 1167541459
441 1167541459
442 1167660240
443 1167660240
444 1167779003
445 1167779435
446 1167897876
447 1167897876
448 1168016775
449 1168016933
450 1168135597
451 1168135597
452 1168254442
453 1168254442
454 1168373273
455 1168373273
456 1168492119
457 1168492119
458 1168610928
459 1168610967
460 1168729659
461 1168729907
462 1168848586
463 1168848586
464 1168967345
465 1168967345
466 1169086155
467 1169086492
468 1169205080
469 1169205268
470 1169323825
471 1169323825
472 1169442739
473 1169442739
474 1169561597
475 1169561597
476 1169680426
477 1169680426
478 1169799233
479 1169799233
480 1169918057
481 1169918057
482 1170036885
483 1170036885
484 1170155707
485 1170155707
486 1170274475
487 1170274975
488 1170393369
489 1170394551
490 1170512139
491 1170513952
492 1170631032
493 1170631032
494 1170749875
495 1170749875
496 1170868635
497 1170869699
498 1170987521
499 1170987754
500 1171106299
501 1171106672
502 1171225131
503 1171225428
504 1171344088
505 1171344326
506 1171462841
507 1171462841
508 1171581746
509 1171581746
510 1171700571
511 1171700571
512 1171819338
513 1171819338
514 1171938212
515 1171938212
516 1172056955
517 1172057666
518 1172175845
519 1172175845
520 1172294728
521 1172295196
522 1172413571
523 1172413571
524 1172532357
525 1172532357
526 1172651220
527 1172651220
528 1172770064
529 1172770064
530 1172888851
531 1172889214
532 1173007694
533 1173007694
534 1173126457
535 1173126457
536 1173245379
537 1173245379
538 1173364151
539 1173364151
540 1173483049
541 1173483049
542 1173601851
543 1173601851
544 1173720603
545 1173720918
546 1173839462
547 1173839462
548 1173958267
549 1173958586
550 1174077156
551 1174077670
552 1174195931
553 1174196180
554 1174314763
555 1174315312
556 1174433688
557 1174433688
558 1174552427
559 1174552821
560 1174671293
561 1174673545
562 1174790116
563 1174790116
564 1174908973
565 1174908973
566 1175027859
567 1175027927
568 1175146693
569 1175146693
570 1175265445
571 1175265726
572 1175384256
573 1175384256
574 1175503197
575 1175503197
576 1175622012
577 1175622097
578 1175740772
579 1175740772
580 1175859662
581 1175859662
582 1175978527
583 1175978527
584 1176097243
585 1176097744
586 1176216164
587 1176217073
588 1176335031
589 1176335031
590 1176453856
591 1176453856
592 1176572571
593 1176572871
594 1176691490
595 1176691490
596 1176810238
597 1176810715
598 1176929067
599 1176929369
600 1177047975
601 1177047975
602 1177166804
603 1177167297
604 1177285563
605 1177286601
606 1177404395
607 1177405743
608 1177523227
609 1177523609
610 1177642059
611 1177642748
612 1177760928
613 1177761657
614 1177879723
615 1177880953
616 1177998555
617 1178002766
618 1178117494
619 1178119539
620 1178236219
621 1178236623
622 1178355080
623 1178356547
624 1178473883
625 1178477552
626 1178592715
627 1178595360
628 1178711647
629 1178713457
630 1178830379
631 1178831054
632 1178949233
633 1178951934
634 1179068043
635 1179070588
636 1179186963
637 1179186963
638 1179305832
639 1179305832
640 1179424603
641 1179424603
642 1179543371
643 1179545129
644 1179662203
645 1179662491
646 1179899936
647 1179900620
648 1180018699
649 1180019167
650 1180137531
651 1180139587
652 1180256433
653 1180256433
654 1180375195
655 1180375511
656 1180494088
657 1180494475
658 1180612859
659 1180613003
660 1180731798
661 1180731798
662 1180850645
663 1180850645
664 1180969355
665 1180969820
666 1181088274
667 1181088274
668 1181207081
669 1181207081
670 1181325893
671 1181325893
672 1181444808
673 1181445225
674 1181563515
675 1181563691
676 1181682347
677 1181682735
678 1181801299
679 1181801299
680 1181920132
681 1181920132
682 1182038951
683 1182038951
684 1182157773
685 1182157773
686 1182276507
687 1182276638
688 1182395462
689 1182395462
690 1182514283
691 1182514283
692 1182633004
693 1182633208
694 1182751835
695 1182752088
696 1182870667
697 1182870840
698 1182989601
699 1182989601
700 1183108457
701 1183108457
702 1183227211
703 1183227211
704 1183346081
705 1183346081
706 1183464938
707 1183464938
708 1183583724
709 1183583848
710 1183702610
711 1183702610
712 1183821402
713 1183821402
714 1183940155
715 1183940301
716 1184058987
717 1184059268
718 1184177919
719 1184177919
720 1184296724
721 1184296724
722 1184415551
723 1184415551
724 1184534373
725 1184534373
726 1184653174
727 1184653174
728 1184772013
729 1184772659
730 1184890921
731 1184890921
732 1185009748
733 1185009748
734 1185128579
735 1185128621
736 1185247323
737 1185247323
738 1185366248
739 1185366248
740 1185485081
741 1185485081
742 1185603826
743 1185603826
744 1185722732
745 1185726161
746 1185841467
747 1185842933
748 1185960319
749 1185960771
750 1186079227
751 1186079227
752 1186198006
753 1186198006
754 1186316885
755 1186317075
756 1186435627
757 1186436114
758 1186554572
759 1186554572
760 1186673291
761 1186674532
762 1186792166
763 1186792166
764 1186911068
765 1186911068
766 1187029910
767 1187029910
768 1187148677
769 1187148677
770 1187267556
771 1187267556
772 1187386366
773 1187386366
774 1187505115
775 1187505459
776 1187624015
777 1187624015
778 1187742779
779 1187742918
780 1187861711
781 1187861711
782 1187980453
783 1187980453
784 1188099398
785 1188099398
786 1188218214
787 1188218270
788 1188336939
789 1188337132
790 1188455801
791 1188456001
792 1188574603
793 1188574731
794 1188693435
795 1188694541
796 1188812367
797 1188812396
798 1188931184
799 1188931184
800 1189049998
801 1189049998
802 1189168763
803 1189169099
804 1189287698
805 1189287698
806 1189406551
807 1189406551
808 1189525323
809 1189525323
810 1189644091
811 1189644241
812 1189762923
813 1189763153
814 1189881877
815 1189881877
816 1190000713
817 1190000713
818 1190119454
819 1190119454
820 1190238251
821 1190238570
822 1190357128
823 1190357128
824 1190476041
825 1190476041
826 1190594809
827 1190595157
828 1190713579
829 1190714001
830 1190832527
831 1190832527
832 1190951243
833 1190951570
834 1191070145
835 1191070145
836 1191188962
837 1191189266
838 1191307863
839 1191307863
840 1191426688
841 1191426688
842 1191545528
843 1191545801
844 1191664235
845 1191664525
846 1191783067
847 1191783398
848 1191901910
849 1191901910
850 1192020846
851 1192020846
852 1192139688
853 1192139688
854 1192258395
855 1192258697
856 1192377227
857 1192377840
858 1192496169
859 1192496915
860 1192614891
861 1192615520
862 1192733725
863 1192746251
864 1192852636
865 1192852636
866 1192971445
867 1192971445
868 1193090321
869 1193090321
870 1193209146
871 1193209146
872 1193327883
873 1193328070
874 1193446715
875 1193447667
876 1193565547
877 1193568425
878 1193684444
879 1193685445
880 1193803211
881 1193803551
882 1193922043
883 1193923398
884 1194040875
885 1194041985
886 1194159832
887 1194159832
888 1194278597
889 1194279317
890 1194516203
891 1194516382
892 1194635035
893 1194636501
894 1194753867
895 1194753994
896 1194872804
897 1194872804
898 1194991585
899 1194991585
900 1195110363
901 1195110640
902 1195229300
903 1195229809
904 1195348104
905 1195348104
906 1195466940
907 1195466940
908 1195585792
909 1195585792
910 1195704636
911 1195704636
912 1195823453
913 1195824416
914 1195942187
915 1195942462
916 1196061039
917 1196061221
918 1196179934
919 1196179934
920 1196298683
921 1196299270
922 1196417605
923 1196417898
924 1196536467
925 1196536467
926 1196655291
927 1196655291
928 1196774113
929 1196774113
930 1196892843
931 1196893393
932 1197011798
933 1197011798
934 1197130610
935 1197130610
936 1197249414
937 1197249414
938 1197368246
939 1197368313
940 1197487003
941 1197487241
942 1197605835
943 1197605988
944 1197724684
945 1197724684
946 1197843569
947 1197843569
948 1197962369
949 1197962624
950 1198081163
951 1198083301
952 1198199995
953 1198202839
954 1198318935
955 1198319787
956 1198437659
957 1198438024
958 1198556612
959 1198556612
960 1198675363
961 1198675363
962 1198794163
963 1198794163
964 1198913088
965 1198913288
966 1199031907
967 1199031907
968 1199150776
969 1199150776
970 1199269606
971 1199269606
972 1199388418
973 1199388418
974 1199507241
975 1199507658
976 1199626043
977 1199626043
978 1199744811
979 1199745129
980 1199863728
981 1199863728
982 1199982475
983 1199982732
984 1200101429
985 1200101429
986 1200220165
987 1200220165
988 1200338971
989 1200339334
990 1200457803
991 1200458141
992 1200576635
993 1200576778
994 1200695565
995 1200695565
996 1200814299
997 1200814685
998 1200933131
999 1200933428
1000 1201052082
1001 1201052082
1002 1201170911
1003 1201170911
1004 1201289683
1005 1201289913
1006 1201408459
1007 1201410928
1008 1201527291
1009 1201528393
1010 1201646249
1011 1201651461
1012 1201764955
1013 1201765228
1014 1201883867
1015 1201883867
1016 1202002619
1017 1202003004
1018 1202121451
1019 1202121973
1020 1202240323
1021 1202240884
1022 1202359185
1023 1202359185
1024 1202478061
1025 1202478061
1026 1202596890
1027 1202596907
1028 1202715611
1029 1202715769
1030 1202834446
1031 1202834827
1032 1202953335
1033 1202953335
1034 1203072107
1035 1203073068
1036 1203191013
1037 1203191233
1038 1203309771
1039 1203310476
1040 1203428681
1041 1203428681
1042 1203547442
1043 1203547442
1044 1203666390
1045 1203666390
1046 1203785200
1047 1203785200
1048 1203903954
1049 1203903954
1050 1204022763
1051 1204023185
1052 1204141595
1053 1204145094
1054 1204260427
1055 1204260605
1056 1204379373
1057 1204379373
1058 1204498198
1059 1204498198
1060 1204616923
1061 1204617272
1062 1204735762
1063 1204735762
1064 1204854587
1065 1204855008
1066 1204973508
1067 1204973508
1068 1205092360
1069 1205092360
1070 1205211189
1071 1205211189
1072 1205330021
1073 1205330281
1074 1205448750
1075 1205448750
1076 1205567686
1077 1205567686
1078 1205686501
1079 1205686501
1080 1205805349
1081 1205805349
1082 1205924174
1083 1205924275
1084 1206042907
1085 1206043047
1086 1206161760
1087 1206162140
1088 1206280571
1089 1206280734
1090 1206399403
1091 1206399644
1092 1206518327
1093 1206518808
1094 1206637183
1095 1206637183
1096 1206756007
1097 1206756007
1098 1206874731
1099 1206875097
1100 1206993563
1101 1206994006
1102 1207112520
1103 1207112520
1104 1207231352
1105 1207231352
1106 1207350172
1107 1207350172
1108 1207468989
1109 1207468989
1110 1207587823
1111 1207587823
1112 1207706572
1113 1207706572
1114 1207825387
1115 1207825584
1116 1207944219
1117 1207944571
1118 1208063090
1119 1208063237
1120 1208181983
1121 1208181983
1122 1208300715
1123 1208300945
1124 1208419657
1125 1208420653
1126 1208538473
1127 1208538473
1128 1208657243
1129 1208657360
1130 1208776161
1131 1208776161
1132 1208894921
1133 1208894921
1134 1209013810
1135 1209014182
1136 1209132553
1137 1209132553
1138 1209251396
1139 1209257567
1140 1209370284
1141 1209370284
1142 1209489115
1143 1209489115
1144 1209607962
1145 1209608294
1146 1209726822
1147 1209726822
1148 1209845532
1149 1209845837
1150 1209964363
1151 1209964712
1152 1210083263
1153 1210083263
1154 1210202147
1155 1210202147
1156 1210320859
1157 1210321426
1158 1210439691
1159 1210440010
1160 1210558523
1161 1210558823
1162 1210677355
1163 1210677532
1164 1210796267
1165 1210796267
1166 1210915019
1167 1210915872
1168 1211033851
1169 1211034828
1170 1211152733
1171 1211152733
1172 1211271557
1173 1211271557
1174 1211390404
1175 1211390740
1176 1211509224
1177 1211509224
1178 1211628109
1179 1211628109
1180 1211746967
1181 1211746967
1182 1211865791
1183 1211865791
1184 1211984615
1185 1211984615
1186 1212103441
1187 1212103441
1188 1212222171
1189 1212222333
1190 1212341125
1191 1212341125
1192 1212459835
1193 1212460396
1194 1212578710
1195 1212578710
1196 1212697611
1197 1212697848
1198 1212816448
1199 1212816448
1200 1212935252
1201 1212935252
1202 1213054073
1203 1213054073
1204 1213172953
1205 1213172953
1206 1213291735
1207 1213291815
1208 1213410491
1209 1213410719
1210 1213529449
1211 1213529449
1212 1213648155
1213 1213648526
1214 1213767113
1215 1213767113
1216 1213885925
1217 1213885925
1218 1214004651
1219 1214006205
1220 1214123558
1221 1214123558
1222 1214242325
1223 1214242325
1224 1214361151
1225 1214361151
1226 1214480101
1227 1214480101
1228 1214598811
1229 1214599004
1230 1214717674
1231 1214717674
1232 1214836567
1233 1214836567
1234 1214955386
1235 1214955386
1236 1215074262
1237 1215074262
1238 1215193096
1239 1215193096
1240 1215311803
1241 1215312244
1242 1215430743
1243 1215431067
1244 1215549573
1245 1215549573
1246 1215668381
1247 1215668381
1248 1215787131
1249 1215787555
1250 1215905963
1251 1215906504
1252 1216024896
1253 1216025350
1254 1216143753
1255 1216143753
1256 1216262482
1257 1216262643
1258 1216381291
1259 1216382145
1260 1216500123
1261 1216500330
1262 1216619049
1263 1216619109
1264 1216737787
1265 1216738241
1266 1216856666
1267 1216856666
1268 1216975451
1269 1216975665
1270 1217094405
1271 1217094405
1272 1217213238
1273 1217213238
1274 1217332063
1275 1217332063
1276 1217450833
1277 1217450833
1278 1217569699
1279 1217569699
1280 1217688566
1281 1217688566
1282 1217807275
1283 1217807684
1284 1217926152
1285 1217926152
1286 1218045002
1287 1218045002
1288 1218163891
1289 1218163891
1290 1218282603
1291 1218285072
1292 1218401435
1293 1218402447
1294 1218520393
1295 1218520393
1296 1218639099
1297 1218639448
1298 1218757965
1299 1218760708
1300 1218876763
1301 1218877037
1302 1218995635
1303 1218995635
1304 1219114531
1305 1219115041
1306 1219233378
1307 1219233378
1308 1219352216
1309 1219352216
1310 1219470949
1311 1219470949
1312 1219589755
1313 1219589989
1314 1219708701
1315 1219708701
1316 1219827419
1317 1219827552
1318 1219946374
1319 1219946374
1320 1220065085
1321 1220065085
1322 1220183915
1323 1220184478
1324 1220302826
1325 1220302826
1326 1220421579
1327 1220421869
1328 1220540411
1329 1220541907
1330 1220659243
1331 1220659623
1332 1220778164
1333 1220778164
1334 1221015837
1335 1221015837
1336 1221134641
1337 1221134641
1338 1221253403
1339 1221253676
1340 1221372235
1341 1221372740
1342 1221491176
1343 1221491176
1344 1221610015
1345 1221610015
1346 1221728731
1347 1221729058
1348 1221847601
1349 1221847601
1350 1221966472
1351 1221966472
1352 1222085326
1353 1222085326
1354 1222204178
1355 1222204178
1356 1222323017
1357 1222323017
1358 1222441849
1359 1222441849
1360 1222560676
1361 1222560676
1362 1222679387
1363 1222679664
1364 1222798333
1365 1222798645
1366 1222917051
1367 1222917271
1368 1223035890
1369 1223036030
1370 1223154715
1371 1223155511
1372 1223273547
1373 1223274345
1374 1223392456
1375 1223392576
1376 1223511284
1377 1223511284
1378 1223630118
1379 1223630118
1380 1223748875
1381 1223749026
1382 1223867809
1383 1223867809
1384 1223986664
1385 1223986664
1386 1224105494
1387 1224105494
1388 1224224288
1389 1224224288
1390 1224343035
1391 1224343638
1392 1224461900
1393 1224461900
1394 1224580821
1395 1224580821
1396 1224699650
1397 1224699650
1398 1224818480
1399 1224818480
1400 1224937195
1401 1224937350
1402 1225056074
1403 1225056074
1404 1225174898
1405 1225175141
1406 1225293691
1407 1225294357
1408 1225412545
1409 1225412545
1410 1225531465
1411 1225531613
1412 1225650292
1413 1225650292
1414 1225769089
1415 1225769089
1416 1225887851
1417 1225888431
1418 1226006683
1419 1226007318
1420 1226125618
1421 1226126413
1422 1226244470
1423 1226244470
1424 1226363204
1425 1226363346
1426 1226482011
1427 1226482695
1428 1226600967
1429 1226600967
1430 1226719791
1431 1226719791
1432 1226838561
1433 1226838561
1434 1226957339
1435 1226957622
1436 1227076265
1437 1227076265
1438 1227195031
1439 1227195031
1440 1227313844
1441 1227315063
1442 1227432774
1443 1227432774
1444 1227551499
1445 1227551628
1446 1227670411
1447 1227670706
1448 1227789193
1449 1227789193
1450 1227908017
1451 1227908017
1452 1228026931
1453 1228026931
1454 1228145659
1455 1228146168
1456 1228264534
1457 1228264640
1458 1228383390
1459 1228383390
1460 1228502162
1461 1228502162
1462 1228621101
1463 1228621400
1464 1228739937
1465 1228739937
1466 1228858769
1467 1228858769
1468 1228977592
1469 1228977592
1470 1229096430
1471 1229096430
1472 1229215254
1473 1229215277
1474 1229333979
1475 1229334163
1476 1229452887
1477 1229452887
1478 1229571643
1479 1229571795
1480 1229690475
1481 1229690608
1482 1229809406
1483 1229810062
1484 1229928139
1485 1229928445
1486 1230046976
1487 1230047117
1488 1230165803
1489 1230166028
1490 1230284747
1491 1230284747
1492 1230403543
1493 1230404949
1494 1230522394
1495 1230522394
1496 1230641252
1497 1230641252
1498 1230759963
1499 1230760137
1500 1230878860
1501 1230878860
1502 1230997745
1503 1230997745
1504 1231116579
1505 1231116579
1506 1231235406
1507 1231235406
1508 1231354225
1509 1231354225
1510 1231472959
1511 1231472959
1512 1231591913
1513 1231591913
1514 1231710742
1515 1231710742
1516 1231829574
1517 1231829574
1518 1231948291
1519 1231948291
1520 1232067120
1521 1232067120
1522 1232186047
1523 1232186047
1524 1232304900
1525 1232304900
1526 1232423611
1527 1232424059
1528 1232542538
1529 1232542538
1530 1232661312
1531 1232661312
1532 1232780201
1533 1232780201
1534 1232899056
1535 1232899320
1536 1233017787
1537 1233017787
1538 1233136644
1539 1233136644
1540 1233255435
1541 1233255665
1542 1233374351
1543 1233374351
1544 1233493179
1545 1233493380
1546 1233612012
1547 1233612012
1548 1233730878
1549 1233730878
1550 1233849595
1551 1233849819
1552 1233968437
1553 1233968437
1554 1234087385
1555 1234087385
1556 1234206091
1557 1234206255
1558 1234325046
1559 1234325046
1560 1234443755
1561 1234443926
1562 1234562587
1563 1234562752
1564 1234681530
1565 1234681530
1566 1234800262
1567 1234800262
1568 1235037915
1569 1235038442
1570 1235156821
1571 1235156821
1572 1235275621
1573 1235275799
1574 1235394516
1575 1235394516
1576 1235513360
1577 1235513360
1578 1235632188
1579 1235632470
1580 1235750974
1581 1235750974
1582 1235869774
1583 1235870414
1584 1235988571
1585 1235990350
1586 1236107525
1587 1236107525
1588 1236226340
1589 1236226363
1590 1236345067
1591 1236345320
1592 1236463927
1593 1236464363
1594 1236582731
1595 1236582731
1596 1236701668
1597 1236701668
1598 1236820521
1599 1236820521
1600 1236939344
1601 1236939344
1602 1237058183
1603 1237058183
1604 1237176956
1605 1237176956
1606 1237295723
1607 1237296106
1608 1237414665
1609 1237414665
1610 1237533408
1611 1237533408
1612 1237652345
1613 1237652345
1614 1237771176
1615 1237771176
1616 1237889992
1617 1237889992
1618 1238008817
1619 1238008817
1620 1238127624
1621 1238127624
1622 1238246379
1623 1238246562
1624 1238365337
1625 1238365337
1626 1238484136
1627 1238484136
1628 1238602875
1629 1238603485
1630 1238721823
1631 1238722475
1632 1238840539
1633 1238840765
1634 1238959410
1635 1238959914
1636 1239078215
1637 1239078215
1638 1239197035
1639 1239197905
1640 1239315976
1641 1239316057
1642 1239434699
1643 1239435591
1644 1239553583
1645 1239553583
1646 1239672479
1647 1239672479
1648 1239791270
1649 1239791270
1650 1239910130
1651 1239910130
1652 1240028979
1653 1240028979
1654 1240147812
1655 1240147812
1656 1240266623
1657 1240266623
1658 1240385355
1659 1240385902
1660 1240504265
1661 1240504459
1662 1240623112
1663 1240623112
1664 1240741937
1665 1240741937
1666 1240860794
1667 1240860794
1668 1240979515
1669 1240979745
1670 1241098418
1671 1241098474
1672 1241217179
1673 1241218007
1674 1241336011
1675 1241336584
1676 1241454959
1677 1241454959
1678 1241573675
1679 1241573970
1680 1241692589
1681 1241692589
1682 1241811362
1683 1241811362
1684 1241930171
1685 1241930370
1686 1242049003
1687 1242049003
1688 1242167955
1689 1242167955
1690 1242286747
1691 1242286747
1692 1242405499
1693 1242406394
1694 1242524331
1695 1242524961
1696 1242643251
1697 1242643251
1698 1242762117
1699 1242762117
1700 1242880936
1701 1242880936
1702 1242999778
1703 1242999930
1704 1243118604
1705 1243118604
1706 1243237335
1707 1243237736
1708 1243356155
1709 1243356355
1710 1243474987
1711 1243475143
1712 1243593901
1713 1243594219
1714 1243712768
1715 1243712768
1716 1243831601
1717 1243831601
1718 1243950437
1719 1243950437
1720 1244069259
1721 1244069259
1722 1244188054
1723 1244188452
1724 1244306924
1725 1244306924
1726 1244425735
1727 1244425735
1728 1244544475
1729 1244544980
1730 1244663307
1731 1244663451
1732 1244782207
1733 1244782272
1734 1244900971
1735 1244901123
1736 1245019867
1737 1245019867
1738 1245138749
1739 1245138749
1740 1245257590
1741 1245257590
1742 1245376379
1743 1245376379
1744 1245495131
1745 1245495425
1746 1245613963
1747 1245614218
1748 1245732910
1749 1245732959
1750 1245851732
1751 1245851732
1752 1245970496
1753 1245970625
1754 1246089413
1755 1246089413
1756 1246208123
1757 1246208838
1758 1246327063
1759 1246327083
1760 1246445872
1761 1246445872
1762 1246564649
1763 1246564984
1764 1246683555
1765 1246683555
1766 1246802367
1767 1246802367
1768 1246921216
1769 1246921628
1770 1247039947
1771 1247040865
1772 1247158886
1773 1247158886
1774 1247277641
1775 1247277641
1776 1247396443
1777 1247396634
1778 1247515358
1779 1247515358
1780 1247634220
1781 1247634220
1782 1247753062
1783 1247753062
1784 1247871856
1785 1247872079
1786 1247990670
1787 1247990670
1788 1248109512
1789 1248109512
1790 1248228267
1791 1248228460
1792 1248347168
1793 1248347168
1794 1248466056
1795 1248466056
1796 1248584879
1797 1248584879
1798 1248703720
1799 1248703720
1800 1248822546
1801 1248822715
1802 1248941274
1803 1248941274
1804 1249060146
1805 1249060146
1806 1249179046
1807 1249179046
1808 1249297865
1809 1249297865
1810 1249416699
1811 1249416910
1812 1249535523
1813 1249535523
1814 1249654347
1815 1249654347
1816 1249773124
1817 1249773124
1818 1249891945
1819 1249891945
1820 1250010851
1821 1250010952
1822 1250129685
1823 1250129685
1824 1250248421
1825 1250248923
1826 1250367274
1827 1250367274
1828 1250486147
1829 1250486147
1830 1250604997
1831 1250604997
1832 1250723739
1833 1250724012
1834 1250842694
1835 1250842694
1836 1250961403
1837 1250961546
1838 1251080347
1839 1251080347
1840 1251199191
1841 1251199191
1842 1251317899
1843 1251318336
1844 1251436776
1845 1251436776
1846 1251555683
1847 1251555683
1848 1251674395
1849 1251674850
1850 1251793334
1851 1251793334
1852 1251912129
1853 1251912129
1854 1252030961
1855 1252030961
1856 1252149723
1857 1252150105
1858 1252268665
1859 1252268665
1860 1252387460
1861 1252387460
1862 1252506345
1863 1252506345
1864 1252625177
1865 1252625177
1866 1252743934
1867 1252744040
1868 1252862833
1869 1252862833
1870 1252981669
1871 1252981669
1872 1253100501
1873 1253100876
1874 1253219298
1875 1253219298
1876 1253338154
1877 1253338154
1878 1253456875
1879 1253457214
1880 1253575731
1881 1253575731
1882 1253694645
1883 1253694645
1884 1253813466
1885 1253813466
1886 1253932211
1887 1253932653
1888 1254051035
1889 1254053572
1890 1254169871
1891 1254169871
1892 1254288777
1893 1254288888
1894 1254407531
1895 1254407730
1896 1254526363
1897 1254526918
1898 1254645206
1899 1254645206
1900 1254764151
1901 1254764151
1902 1254882982
1903 1254882982
1904 1255001765
1905 1255001765
1906 1255120523
1907 1255121027
1908 1255239462
1909 1255239462
1910 1255358187
1911 1255358485
1912 1255477105
1913 1255477105
1914 1255595934
1915 1255595934
1916 1255714751
1917 1255714751
1918 1255833633
1919 1255833860
1920 1255952425
1921 1255952425
1922 1256071219
1923 1256071307
1924 1256190132
1925 1256190132
1926 1256308853
1927 1256308853
1928 1256427786
1929 1256427933
1930 1256546633
1931 1256546633
1932 1256665460
1933 1256665460
1934 1256784212
1935 1256784212
1936 1256903097
1937 1256903097
1938 1257021939
1939 1257022290
1940 1257140775
1941 1257140775
1942 1257259524
1943 1257259524
1944 1257378331
1945 1257378498
1946 1257497288
1947 1257497288
1948 1257616012
1949 1257616267
1950 1257734827
1951 1257735247
1952 1257853659
1953 1257853949
1954 1257972579
1955 1257972764
1956 1258091435
1957 1258091435
1958 1258210272
1959 1258210272
1960 1258329111
1961 1258329111
1962 1258447819
1963 1258448276
1964 1258566721
1965 1258566721
1966 1258685483
1967 1258685625
1968 1258804431
1969 1258804431
1970 1258923269
1971 1258923437
1972 1259041979
1973 1259042981
1974 1259160855
1975 1259161278
1976 1259279643
1977 1259280279
1978 1259398475
1979 1259398620
1980 1259517422
1981 1259517695
1982 1259636262
1983 1259636262
1984 1259755057
1985 1259755057
1986 1259873916
1987 1259873916
1988 1259992758
1989 1259992758
1990 1260111589
1991 1260111589
1992 1260230411
1993 1260230411
1994 1260349199
1995 1260349199
1996 1260467975
1997 1260467975
1998 1260586920
1999 1260586920
2000 1260705752
2001 1260705752
2002 1260824509
2003 1260824509
2004 1260943297
2005 1260943670
2006 1261062249
2007 1261062249
2008 1261180955
2009 1261181570
2010 1261299864
2011 1261300047
2012 1261418745
2013 1261418745
2014 1261537565
2015 1261537565
2016 1261656381
2017 1261656381
2018 1261775115
2019 1261775256
2020 1261894047
2021 1261894047
2022 1262012872
2023 1262012872
2024 1262131659
2025 1262131659
2026 1262250461
2027 1262250461
2028 1262369399
2029 1262369399
2030 1262488225
2031 1262488225
2032 1262606939
2033 1262607512
2034 1262725883
2035 1262725883
2036 1262844673
2037 1262844673
2038 1262963439
2039 1262963439
2040 1263082339
2041 1263082339
2042 1263201224
2043 1263201917
2044 1263319931
2045 1263320226
2046 1263438781
2047 1263438894
2048 1263557595
2049 1263557800
2050 1263676427
2051 1263677227
2052 1263795378
2053 1263795378
2054 1263914091
2055 1263914341
2056 1264033043
2057 1264033043
2058 1264151799
2059 1264151799
2060 1264270587
2061 1264270587
2062 1264389501
2063 1264390115
2064 1264508251
2065 1264508711
2066 1264627155
2067 1264627155
2068 1264746037
2069 1264746037
2070 1264864747
2071 1264865134
2072 1264983653
2073 1264983952
2074 1265102411
2075 1265104330
2076 1265221246
2077 1265221246
2078 1265340075
2079 1265349015
2080 1265458907
2081 1265459457
2082 1265577790
2083 1265578774
2084 1265696571
2085 1265697630
2086 1265815403
2087 1265817080
2088 1265934357
2089 1265934469
2090 1266053067
2091 1266054856
2092 1266172018
2093 1266172018
2094 1266290830
2095 1266290830
2096 1266409590
2097 1266409590
2098 1266528510
2099 1266531976
2100 1266647227
2101 1266649269
2102 1266766096
2103 1266776719
2104 1266884891
2105 1266885771
2106 1267003723
2107 1267009827
2108 1267122663
2109 1267123004
2110 1267241387
2111 1267243553
2112 1267360219
2113 1267360549
2114 1267479051
2115 1267481743
2116 1267597883
2117 1267601338
2118 1267716737
2119 1267717880
2120 1267835673
2121 1267835673
2122 1267954424
2123 1267954424
2124 1268073303
2125 1268073898
2126 1268192043
2127 1268193381
2128 1268310999
2129 1268310999
2130 1268429707
2131 1268429851
2132 1268548539
2133 1268549778
2134 1268667427
2135 1268668409
2136 1268786203
2137 1268786908
2138 1268905035
2139 1268905400
2140 1269023993
2141 1269024026
2142 1269142699
2143 1269146646
2144 1269261580
2145 1269262140
2146 1269380363
2147 1269380522
2148 1269499195
2149 1269499590
2150 1269618148
2151 1269618148
2152 1269736859
2153 1269740899
2154 1269855733
2155 1269858656
2156 1269974523
2157 1269975188
2158 1270093355
2159 1270095029
2160 1270212299
2161 1270212316
2162 1270331116
2163 1270331116
2164 1270449869
2165 1270450439
2166 1270568773
2167 1270568773
2168 1270687526
2169 1270687526
