# labeled target locations file
# written Wed Apr 01 14:52:46 CEST 2020
# width=100
# height=100
# timeslicemethod=EventCount
# grayScale=100
# normalize=true
# normalizeDVSForZsNullhop=false
# dvsMinEvents=2000
# timeDurationUsPerFrame=3101
# format=RAW
# compressionQuality=0.9
# frameNumber timestamp x y targetTypeID width height
0 0 1140685368 -1 -1 -1 -1 -1
1 0 1140688783 -1 -1 -1 -1 -1
2 0 1140804139 -1 -1 -1 -1 -1
3 0 1140809457 -1 -1 -1 -1 -1
4 0 1141041803 -1 -1 -1 -1 -1
5 0 1141046755 -1 -1 -1 -1 -1
6 0 1141160635 -1 -1 -1 -1 -1
7 0 1141163655 -1 -1 -1 -1 -1
8 0 1141279467 -1 -1 -1 -1 -1
9 0 1141280540 -1 -1 -1 -1 -1
10 0 1141398299 65 91 0 10 10
11 0 1141399599 65 91 0 10 10
12 0 1141517131 65 92 0 10 10
13 0 1141518509 65 92 0 10 10
14 0 1141636008 66 91 0 10 10
15 0 1141639058 66 91 0 10 10
16 0 1141754795 65 90 0 10 10
17 0 1141762607 65 90 0 10 10
18 0 1141873627 65 91 0 10 10
19 0 1141874296 65 91 0 10 10
20 0 1141992574 65 91 0 10 10
21 0 1141994554 65 91 0 10 10
22 0 1142111291 64 91 0 10 10
23 0 1142116086 64 91 0 10 10
24 0 1142230130 65 91 0 10 10
25 0 1142232019 65 91 0 10 10
26 0 1142348955 65 91 0 10 10
27 0 1142350546 65 91 0 10 10
28 0 1142467787 65 91 0 10 10
29 0 1142471078 65 91 0 10 10
30 0 1142586697 65 91 0 10 10
31 0 1142591678 65 91 0 10 10
32 0 1142705451 65 91 0 10 10
33 0 1142708538 65 91 0 10 10
34 0 1142824283 65 91 0 10 10
35 0 1142829482 65 91 0 10 10
36 0 1142943115 64 90 0 10 10
37 0 1142945381 64 90 0 10 10
38 0 1143061947 65 90 0 10 10
39 0 1143063460 65 90 0 10 10
40 0 1143180849 65 90 0 10 10
41 0 1143181434 65 90 0 10 10
42 0 1143299611 64 91 0 10 10
43 0 1143300677 64 90 0 10 10
44 0 1143418443 65 90 0 10 10
45 0 1143419812 65 90 0 10 10
46 0 1143537333 65 89 0 10 10
47 0 1143537333 65 89 0 10 10
48 0 1143656107 65 90 0 10 10
49 0 1143661675 65 90 0 10 10
50 0 1143775002 65 90 0 10 10
51 0 1143775483 65 90 0 10 10
52 0 1143893856 65 90 0 10 10
53 0 1143893856 65 90 0 10 10
54 0 1144012603 65 90 0 10 10
55 0 1144013073 65 90 0 10 10
56 0 1144131435 65 90 0 10 10
57 0 1144139096 65 90 0 10 10
58 0 1144250349 65 90 0 10 10
59 0 1144250349 65 90 0 10 10
60 0 1144369170 65 90 0 10 10
61 0 1144369170 65 90 0 10 10
62 0 1144488016 64 90 0 10 10
63 0 1144488016 64 90 0 10 10
64 0 1144606763 64 90 0 10 10
65 0 1144607269 64 90 0 10 10
66 0 1144725704 60 91 0 10 10
67 0 1144726484 60 91 0 10 10
68 0 1144844472 55 91 0 10 10
69 0 1144844472 55 91 0 10 10
70 0 1144963290 50 91 0 10 10
71 0 1144963472 50 91 0 10 10
72 0 1145082150 44 91 0 10 10
73 0 1145082150 44 91 0 10 10
74 0 1145200981 35 89 0 10 10
75 0 1145200981 35 89 0 10 10
76 0 1145319857 33 91 0 10 10
77 0 1145319959 33 91 0 10 10
78 0 1145438697 31 89 0 10 10
79 0 1145438697 31 89 0 10 10
80 0 1145676251 30 84 0 10 10
81 0 1145676380 30 84 0 10 10
82 0 1145795083 32 79 0 10 10
83 0 1145795600 32 79 0 10 10
84 0 1145914009 32 73 0 10 10
85 0 1145914116 32 73 0 10 10
86 0 1146032842 33 68 0 10 10
87 0 1146032842 33 68 0 10 10
88 0 1146151579 34 69 0 10 10
89 0 1146151958 34 69 0 10 10
90 0 1146270515 32 70 0 10 10
91 0 1146270515 32 70 0 10 10
92 0 1146389243 31 70 0 10 10
93 0 1146389916 31 70 0 10 10
94 0 1146508138 29 70 0 10 10
95 0 1146508138 29 70 0 10 10
96 0 1146626907 28 70 0 10 10
97 0 1146627416 28 70 0 10 10
98 0 1146745862 28 70 0 10 10
99 0 1146745862 28 70 0 10 10
100 0 1146864649 28 70 0 10 10
101 0 1146865053 28 70 0 10 10
102 0 1146983403 28 70 0 10 10
103 0 1146983853 28 70 0 10 10
104 0 1147102294 28 73 0 10 10
105 0 1147102294 28 73 0 10 10
106 0 1147221190 28 76 0 10 10
107 0 1147221190 28 76 0 10 10
108 0 1147339968 27 78 0 10 10
109 0 1147339968 27 78 0 10 10
110 0 1147458773 21 84 0 10 10
111 0 1147458965 21 84 0 10 10
112 0 1147577666 17 87 0 10 10
113 0 1147577666 17 87 0 10 10
114 0 1147696508 15 89 0 10 10
115 0 1147696508 15 89 0 10 10
116 0 1147934079 15 89 0 10 10
117 0 1147934079 15 89 0 10 10
118 0 1148052925 14 82 0 10 10
119 0 1148053089 14 82 0 10 10
120 0 1148290642 14 73 0 10 10
121 0 1148290642 14 73 0 10 10
122 0 1148409491 13 57 0 10 10
123 0 1148410124 13 57 0 10 10
124 0 1148528304 14 57 0 10 10
125 0 1148528304 14 57 0 10 10
126 0 1148647077 15 57 0 10 10
127 0 1148647315 15 57 0 10 10
128 0 1148765883 14 57 0 10 10
129 0 1148766071 14 57 0 10 10
130 0 1148884715 14 57 0 10 10
131 0 1148884953 14 57 0 10 10
132 0 1149003644 14 57 0 10 10
133 0 1149003870 14 57 0 10 10
134 0 1149122379 14 57 0 10 10
135 0 1149123121 14 57 0 10 10
136 0 1149241213 14 57 0 10 10
137 0 1149244645 14 57 0 10 10
138 0 1149360043 14 57 0 10 10
139 0 1149361545 14 57 0 10 10
140 0 1149478875 14 57 0 10 10
141 0 1149479647 14 57 0 10 10
142 0 1149597780 14 57 0 10 10
143 0 1149602434 14 57 0 10 10
144 0 1149716647 14 57 0 10 10
145 0 1149716647 14 57 0 10 10
146 0 1149835371 14 57 0 10 10
147 0 1149835779 14 57 0 10 10
148 0 1149954203 14 57 0 10 10
149 0 1149955913 14 57 0 10 10
150 0 1150073035 14 57 0 10 10
151 0 1150074584 14 57 0 10 10
152 0 1150191932 14 57 0 10 10
153 0 1150192199 14 57 0 10 10
154 0 1150310699 13 56 0 10 10
155 0 1150311828 13 56 0 10 10
156 0 1150429531 14 57 0 10 10
157 0 1150432771 14 57 0 10 10
158 0 1150548363 14 57 0 10 10
159 0 1150551455 14 57 0 10 10
160 0 1150667195 14 57 0 10 10
161 0 1150667665 14 57 0 10 10
162 0 1150786085 16 60 0 10 10
163 0 1150786285 16 60 0 10 10
164 0 1150904859 17 60 0 10 10
165 0 1150905891 18 60 0 10 10
166 0 1151023691 20 61 0 10 10
167 0 1151023846 20 61 0 10 10
168 0 1151142523 20 62 0 10 10
169 0 1151143294 20 62 0 10 10
170 0 1151261411 22 62 0 10 10
171 0 1151261411 22 62 0 10 10
172 0 1151380187 23 62 0 10 10
173 0 1151380447 23 62 0 10 10
174 0 1151499019 23 61 0 10 10
175 0 1151499391 23 61 0 10 10
176 0 1151617851 23 58 0 10 10
177 0 1151618546 23 58 0 10 10
178 0 1151736801 23 58 0 10 10
179 0 1151736801 23 58 0 10 10
180 0 1151855633 23 57 0 10 10
181 0 1151855633 23 57 0 10 10
182 0 1151974347 22 55 0 10 10
183 0 1151974512 22 55 0 10 10
184 0 1152093291 20 54 0 10 10
185 0 1152093327 20 54 0 10 10
186 0 1152212125 18 49 0 10 10
187 0 1152212125 18 49 0 10 10
188 0 1152330935 18 48 0 10 10
189 0 1152330935 18 48 0 10 10
190 0 1152449742 15 44 0 10 10
191 0 1152449742 15 44 0 10 10
192 0 1152568578 15 41 0 10 10
193 0 1152568578 15 41 0 10 10
194 0 1152687414 15 37 0 10 10
195 0 1152687831 15 37 0 10 10
196 0 1152806264 15 34 0 10 10
197 0 1152806264 15 34 0 10 10
198 0 1152925003 15 34 0 10 10
199 0 1152925765 15 34 0 10 10
200 0 1153043835 15 35 0 10 10
201 0 1153044081 15 35 0 10 10
202 0 1153162667 14 34 0 10 10
203 0 1153166290 14 34 0 10 10
204 0 1153281567 14 34 0 10 10
205 0 1153282668 14 34 0 10 10
206 0 1153400331 14 34 0 10 10
207 0 1153403019 14 34 0 10 10
208 0 1153519163 13 34 0 10 10
209 0 1153521362 13 34 0 10 10
210 0 1153637995 14 34 0 10 10
211 0 1153639105 14 34 0 10 10
212 0 1153756952 14 34 0 10 10
213 0 1153756952 14 34 0 10 10
214 0 1153875767 15 34 0 10 10
215 0 1153875767 15 34 0 10 10
216 0 1153994613 16 33 0 10 10
217 0 1153994613 16 33 0 10 10
218 0 1154113443 16 34 0 10 10
219 0 1154113443 16 34 0 10 10
220 0 1154351104 15 34 0 10 10
221 0 1154351138 15 34 0 10 10
222 0 1154469855 14 33 0 10 10
223 0 1154470030 14 33 0 10 10
224 0 1154588651 15 34 0 10 10
225 0 1154589668 15 34 0 10 10
226 0 1154707483 15 34 0 10 10
227 0 1154708086 15 34 0 10 10
228 0 1154826422 15 34 0 10 10
229 0 1154826885 15 34 0 10 10
230 0 1154945147 16 34 0 10 10
231 0 1154948040 16 34 0 10 10
232 0 1155064008 16 33 0 10 10
233 0 1155064497 16 33 0 10 10
234 0 1155182855 15 33 0 10 10
235 0 1155182855 15 33 0 10 10
236 0 1155301752 15 33 0 10 10
237 0 1155301752 15 33 0 10 10
238 0 1155420583 15 33 0 10 10
239 0 1155420583 15 33 0 10 10
240 0 1155539431 15 33 0 10 10
241 0 1155539431 15 33 0 10 10
242 0 1155658244 15 33 0 10 10
243 0 1155658244 15 33 0 10 10
244 0 1155777094 15 33 0 10 10
245 0 1155777094 15 33 0 10 10
246 0 1155895866 15 33 0 10 10
247 0 1155895866 15 33 0 10 10
248 0 1156014754 15 33 0 10 10
249 0 1156014754 15 33 0 10 10
250 0 1156133467 16 34 0 10 10
251 0 1156133742 16 34 0 10 10
252 0 1156252299 15 33 0 10 10
253 0 1156253058 15 33 0 10 10
254 0 1156371164 22 32 0 10 10
255 0 1156371164 22 32 0 10 10
256 0 1156489963 23 28 0 10 10
257 0 1156491553 23 28 0 10 10
258 0 1156608909 24 28 0 10 10
259 0 1156608909 24 28 0 10 10
260 0 1156727710 24 28 0 10 10
261 0 1156727710 24 28 0 10 10
262 0 1156846556 22 28 0 10 10
263 0 1156846556 22 28 0 10 10
264 0 1156965367 21 28 0 10 10
265 0 1156965639 21 28 0 10 10
266 0 1157084123 23 28 0 10 10
267 0 1157084971 23 28 0 10 10
268 0 1157202955 19 28 0 10 10
269 0 1157203166 19 28 0 10 10
270 0 1157321787 17 24 0 10 10
271 0 1157322144 17 24 0 10 10
272 0 1157440734 16 24 0 10 10
273 0 1157440734 16 24 0 10 10
274 0 1157559577 16 19 0 10 10
275 0 1157559577 16 19 0 10 10
276 0 1157678398 21 17 0 10 10
277 0 1157678398 21 17 0 10 10
278 0 1157797231 25 13 0 10 10
279 0 1157797231 25 13 0 10 10
280 0 1157916056 28 12 0 10 10
281 0 1157916337 28 12 0 10 10
282 0 1158034779 33 11 0 10 10
283 0 1158035249 33 11 0 10 10
284 0 1158153642 41 13 0 10 10
285 0 1158153918 41 13 0 10 10
286 0 1158272443 43 12 0 10 10
287 0 1158274561 43 12 0 10 10
288 0 1158391372 43 12 0 10 10
289 0 1158391372 43 12 0 10 10
290 0 1158510209 43 12 0 10 10
291 0 1158510263 43 12 0 10 10
292 0 1158628939 43 11 0 10 10
293 0 1158629116 43 11 0 10 10
294 0 1158747826 42 13 0 10 10
295 0 1158747826 42 13 0 10 10
296 0 1158866633 42 16 0 10 10
297 0 1158866633 42 16 0 10 10
298 0 1158985501 42 19 0 10 10
299 0 1158985501 42 19 0 10 10
300 0 1159104361 42 20 0 10 10
301 0 1159104564 42 20 0 10 10
302 0 1159223215 42 21 0 10 10
303 0 1159223215 42 21 0 10 10
304 0 1159341931 40 21 0 10 10
305 0 1159342621 40 21 0 10 10
306 0 1159460888 35 19 0 10 10
307 0 1159460888 35 19 0 10 10
308 0 1159579713 35 24 0 10 10
309 0 1159579713 35 24 0 10 10
310 0 1159698536 30 25 0 10 10
311 0 1159698536 30 25 0 10 10
312 0 1159817382 32 33 0 10 10
313 0 1159817382 32 33 0 10 10
314 0 1159936185 32 40 0 10 10
315 0 1159936185 32 40 0 10 10
316 0 1160054923 31 41 0 10 10
317 0 1160056460 31 41 0 10 10
318 0 1160173869 31 38 0 10 10
319 0 1160173869 31 38 0 10 10
320 0 1160292650 31 39 0 10 10
321 0 1160292772 31 39 0 10 10
322 0 1160411419 32 41 0 10 10
323 0 1160411735 32 41 0 10 10
324 0 1160530375 33 41 0 10 10
325 0 1160530375 33 41 0 10 10
326 0 1160649083 36 41 0 10 10
327 0 1160649413 36 41 0 10 10
328 0 1160768041 37 41 0 10 10
329 0 1160768041 37 41 0 10 10
330 0 1160886803 44 42 0 10 10
331 0 1160887075 44 42 0 10 10
332 0 1161005671 45 43 0 10 10
333 0 1161005671 45 43 0 10 10
334 0 1161124452 52 46 0 10 10
335 0 1161124452 52 46 0 10 10
336 0 1161243369 53 46 0 10 10
337 0 1161243769 53 46 0 10 10
338 0 1161362155 53 46 0 10 10
339 0 1161362155 53 46 0 10 10
340 0 1161480986 53 46 0 10 10
341 0 1161480986 53 46 0 10 10
342 0 1161599739 53 45 0 10 10
343 0 1161599879 53 45 0 10 10
344 0 1161718571 53 45 0 10 10
345 0 1161718815 53 45 0 10 10
346 0 1161837443 57 51 0 10 10
347 0 1161837774 57 51 0 10 10
348 0 1161956311 55 53 0 10 10
349 0 1161956311 55 53 0 10 10
350 0 1162075193 54 59 0 10 10
351 0 1162075193 54 59 0 10 10
352 0 1162194009 54 59 0 10 10
353 0 1162194076 54 59 0 10 10
354 0 1162312803 50 59 0 10 10
355 0 1162312803 50 59 0 10 10
356 0 1162431566 48 61 0 10 10
357 0 1162431841 48 61 0 10 10
358 0 1162550395 44 61 0 10 10
359 0 1162551016 44 61 0 10 10
360 0 1162788165 40 62 0 10 10
361 0 1162788165 40 62 0 10 10
362 0 1162906955 40 68 0 10 10
363 0 1162906955 40 68 0 10 10
364 0 1163025840 40 71 0 10 10
365 0 1163025840 40 71 0 10 10
366 0 1163144555 40 73 0 10 10
367 0 1163144693 40 73 0 10 10
368 0 1163263405 39 74 0 10 10
369 0 1163263405 39 74 0 10 10
370 0 1163382285 38 69 0 10 10
371 0 1163382402 38 69 0 10 10
372 0 1163501148 39 67 0 10 10
373 0 1163501148 39 67 0 10 10
374 0 1163619947 39 65 0 10 10
375 0 1163619947 39 65 0 10 10
376 0 1163738715 39 59 0 10 10
377 0 1163738850 39 59 0 10 10
378 0 1163857547 38 60 0 10 10
379 0 1163857939 38 60 0 10 10
380 0 1163976442 39 61 0 10 10
381 0 1163976442 39 61 0 10 10
382 0 1164095211 38 59 0 10 10
383 0 1164097548 38 59 0 10 10
384 0 1164214043 39 59 0 10 10
385 0 1164214959 39 59 0 10 10
386 0 1164332998 39 62 0 10 10
387 0 1164332998 39 62 0 10 10
388 0 1164451819 38 66 0 10 10
389 0 1164451819 38 66 0 10 10
390 0 1164570657 39 69 0 10 10
391 0 1164570657 39 69 0 10 10
392 0 1164689497 39 71 0 10 10
393 0 1164689497 39 71 0 10 10
394 0 1164808319 40 74 0 10 10
395 0 1164808319 40 74 0 10 10
396 0 1164927140 46 73 0 10 10
397 0 1164927232 46 73 0 10 10
398 0 1165045867 52 74 0 10 10
399 0 1165046089 52 74 0 10 10
400 0 1165164726 55 69 0 10 10
401 0 1165164993 55 69 0 10 10
402 0 1165283630 58 68 0 10 10
403 0 1165283630 58 68 0 10 10
404 0 1165402363 56 68 0 10 10
405 0 1165403791 56 68 0 10 10
406 0 1165521293 57 68 0 10 10
407 0 1165521685 57 68 0 10 10
408 0 1165640027 57 68 0 10 10
409 0 1165640892 57 68 0 10 10
410 0 1165758933 56 68 0 10 10
411 0 1165758933 56 68 0 10 10
412 0 1165877764 58 71 0 10 10
413 0 1165877764 58 71 0 10 10
414 0 1165996523 57 75 0 10 10
415 0 1165996761 57 75 0 10 10
416 0 1166115447 57 79 0 10 10
417 0 1166115447 57 79 0 10 10
418 0 1166234301 62 83 0 10 10
419 0 1166234301 62 83 0 10 10
420 0 1166353019 65 81 0 10 10
421 0 1166353354 65 81 0 10 10
422 0 1166471851 66 81 0 10 10
423 0 1166472482 66 81 0 10 10
424 0 1166590792 64 76 0 10 10
425 0 1166590792 64 76 0 10 10
426 0 1166709564 66 71 0 10 10
427 0 1166709564 66 71 0 10 10
428 0 1166828347 66 68 0 10 10
429 0 1166829098 66 68 0 10 10
430 0 1166947179 69 68 0 10 10
431 0 1166947419 69 68 0 10 10
432 0 1167066103 70 68 0 10 10
433 0 1167066103 70 68 0 10 10
434 0 1167184843 73 67 0 10 10
435 0 1167186399 73 67 0 10 10
436 0 1167303772 73 67 0 10 10
437 0 1167303772 73 67 0 10 10
438 0 1167422507 72 66 0 10 10
439 0 1167422650 72 66 0 10 10
440 0 1167541459 73 67 0 10 10
441 0 1167541459 73 67 0 10 10
442 0 1167660240 73 67 0 10 10
443 0 1167660240 73 67 0 10 10
444 0 1167779003 71 68 0 10 10
445 0 1167779435 71 68 0 10 10
446 0 1167897876 70 73 0 10 10
447 0 1167897876 70 73 0 10 10
448 0 1168016775 69 73 0 10 10
449 0 1168016933 69 73 0 10 10
450 0 1168135597 69 73 0 10 10
451 0 1168135597 69 73 0 10 10
452 0 1168254442 73 79 0 10 10
453 0 1168254442 73 79 0 10 10
454 0 1168373273 78 85 0 10 10
455 0 1168373273 78 85 0 10 10
456 0 1168492119 82 90 0 10 10
457 0 1168492119 82 90 0 10 10
458 0 1168610928 87 89 0 10 10
459 0 1168610967 87 89 0 10 10
460 0 1168729659 87 89 0 10 10
461 0 1168729907 87 89 0 10 10
462 0 1168848586 87 88 0 10 10
463 0 1168848586 87 88 0 10 10
464 0 1168967345 87 89 0 10 10
465 0 1168967345 87 89 0 10 10
466 0 1169086155 87 86 0 10 10
467 0 1169086492 87 86 0 10 10
468 0 1169205080 88 83 0 10 10
469 0 1169205268 88 83 0 10 10
470 0 1169323825 88 81 0 10 10
471 0 1169323825 88 81 0 10 10
472 0 1169442739 88 76 0 10 10
473 0 1169442739 88 76 0 10 10
474 0 1169561597 87 69 0 10 10
475 0 1169561597 87 69 0 10 10
476 0 1169680426 87 63 0 10 10
477 0 1169680426 87 63 0 10 10
478 0 1169799233 87 63 0 10 10
479 0 1169799233 87 63 0 10 10
480 0 1169918057 87 63 0 10 10
481 0 1169918057 87 63 0 10 10
482 0 1170036885 87 63 0 10 10
483 0 1170036885 87 63 0 10 10
484 0 1170155707 87 63 0 10 10
485 0 1170155707 87 63 0 10 10
486 0 1170274475 87 63 0 10 10
487 0 1170274975 87 63 0 10 10
488 0 1170393369 87 63 0 10 10
489 0 1170394551 87 63 0 10 10
490 0 1170512139 87 63 0 10 10
491 0 1170513952 87 63 0 10 10
492 0 1170631032 87 63 0 10 10
493 0 1170631032 87 63 0 10 10
494 0 1170749875 87 63 0 10 10
495 0 1170749875 87 63 0 10 10
496 0 1170868635 87 63 0 10 10
497 0 1170869699 87 63 0 10 10
498 0 1170987521 85 63 0 10 10
499 0 1170987754 85 63 0 10 10
500 0 1171106299 83 63 0 10 10
501 0 1171106672 83 63 0 10 10
502 0 1171225131 82 59 0 10 10
503 0 1171225428 82 59 0 10 10
504 0 1171344088 76 56 0 10 10
505 0 1171344326 76 56 0 10 10
506 0 1171462841 77 53 0 10 10
507 0 1171462841 77 53 0 10 10
508 0 1171581746 75 52 0 10 10
509 0 1171581746 75 52 0 10 10
510 0 1171700571 71 52 0 10 10
511 0 1171700571 71 52 0 10 10
512 0 1171819338 65 52 0 10 10
513 0 1171819338 65 52 0 10 10
514 0 1171938212 58 52 0 10 10
515 0 1171938212 58 52 0 10 10
516 0 1172056955 60 52 0 10 10
517 0 1172057666 60 52 0 10 10
518 0 1172175845 60 51 0 10 10
519 0 1172175845 60 51 0 10 10
520 0 1172294728 58 47 0 10 10
521 0 1172295196 58 46 0 10 10
522 0 1172413571 59 45 0 10 10
523 0 1172413571 59 45 0 10 10
524 0 1172532357 57 37 0 10 10
525 0 1172532357 57 37 0 10 10
526 0 1172651220 58 33 0 10 10
527 0 1172651220 58 33 0 10 10
528 0 1172770064 58 32 0 10 10
529 0 1172770064 58 32 0 10 10
530 0 1172888851 63 32 0 10 10
531 0 1172889214 63 32 0 10 10
532 0 1173007694 67 32 0 10 10
533 0 1173007694 67 32 0 10 10
534 0 1173126457 71 32 0 10 10
535 0 1173126457 71 32 0 10 10
536 0 1173245379 77 31 0 10 10
537 0 1173245379 77 31 0 10 10
538 0 1173364151 80 31 0 10 10
539 0 1173364151 80 31 0 10 10
540 0 1173483049 79 32 0 10 10
541 0 1173483049 79 32 0 10 10
542 0 1173601851 79 31 0 10 10
543 0 1173601851 79 31 0 10 10
544 0 1173720603 78 31 0 10 10
545 0 1173720918 78 31 0 10 10
546 0 1173839462 78 31 0 10 10
547 0 1173839462 78 31 0 10 10
548 0 1173958267 78 31 0 10 10
549 0 1173958586 78 31 0 10 10
550 0 1174077156 79 32 0 10 10
551 0 1174077670 79 32 0 10 10
552 0 1174195931 79 32 0 10 10
553 0 1174196180 79 32 0 10 10
554 0 1174314763 81 37 0 10 10
555 0 1174315312 81 37 0 10 10
556 0 1174433688 84 42 0 10 10
557 0 1174433688 84 42 0 10 10
558 0 1174552427 86 44 0 10 10
559 0 1174552821 86 44 0 10 10
560 0 1174671293 86 44 0 10 10
561 0 1174673545 86 44 0 10 10
562 0 1174790116 86 44 0 10 10
563 0 1174790116 86 44 0 10 10
564 0 1174908973 85 41 0 10 10
565 0 1174908973 85 41 0 10 10
566 0 1175027859 86 34 0 10 10
567 0 1175027927 86 34 0 10 10
568 0 1175146693 86 31 0 10 10
569 0 1175146693 86 31 0 10 10
570 0 1175265445 85 20 0 10 10
571 0 1175265726 85 20 0 10 10
572 0 1175384256 86 13 0 10 10
573 0 1175384256 86 13 0 10 10
574 0 1175503197 85 11 0 10 10
575 0 1175503197 85 11 0 10 10
576 0 1175622012 85 11 0 10 10
577 0 1175622097 85 11 0 10 10
578 0 1175740772 77 9 0 10 10
579 0 1175740772 77 9 0 10 10
580 0 1175859662 75 12 0 10 10
581 0 1175859662 75 12 0 10 10
582 0 1175978527 68 9 0 10 10
583 0 1175978527 68 9 0 10 10
584 0 1176097243 55 11 0 10 10
585 0 1176097744 55 11 0 10 10
586 0 1176216164 49 11 0 10 10
587 0 1176217073 49 11 0 10 10
588 0 1176335031 49 12 0 10 10
589 0 1176335031 49 12 0 10 10
590 0 1176453856 48 12 0 10 10
591 0 1176453856 48 12 0 10 10
592 0 1176572571 52 11 0 10 10
593 0 1176572871 52 11 0 10 10
594 0 1176691490 56 10 0 10 10
595 0 1176691490 56 10 0 10 10
596 0 1176810238 63 12 0 10 10
597 0 1176810715 63 12 0 10 10
598 0 1176929067 75 13 0 10 10
599 0 1176929369 75 13 0 10 10
600 0 1177047975 80 12 0 10 10
601 0 1177047975 80 12 0 10 10
602 0 1177166804 84 11 0 10 10
603 0 1177167297 84 11 0 10 10
604 0 1177285563 84 11 0 10 10
605 0 1177286601 84 11 0 10 10
606 0 1177404395 80 12 0 10 10
607 0 1177405743 80 12 0 10 10
608 0 1177523227 82 12 0 10 10
609 0 1177523609 82 12 0 10 10
610 0 1177642059 84 12 0 10 10
611 0 1177642748 84 12 0 10 10
612 0 1177760928 85 11 0 10 10
613 0 1177761657 85 11 0 10 10
614 0 1177879723 84 8 0 10 10
615 0 1177880953 84 8 0 10 10
616 0 1177998555 85 11 0 10 10
617 0 1178002766 85 11 0 10 10
618 0 1178117494 85 11 0 10 10
619 0 1178119539 85 11 0 10 10
620 0 1178236219 85 11 0 10 10
621 0 1178236623 85 11 0 10 10
622 0 1178355080 85 11 0 10 10
623 0 1178356547 85 11 0 10 10
624 0 1178473883 85 11 0 10 10
625 0 1178477552 85 11 0 10 10
626 0 1178592715 85 11 0 10 10
627 0 1178595360 85 11 0 10 10
628 0 1178711647 85 11 0 10 10
629 0 1178713457 85 11 0 10 10
630 0 1178830379 85 11 0 10 10
631 0 1178831054 85 11 0 10 10
632 0 1178949233 85 11 0 10 10
633 0 1178951934 85 11 0 10 10
634 0 1179068043 85 11 0 10 10
635 0 1179070588 85 11 0 10 10
636 0 1179186963 85 11 0 10 10
637 0 1179186963 85 11 0 10 10
638 0 1179305832 85 11 0 10 10
639 0 1179305832 85 11 0 10 10
640 0 1179424603 85 11 0 10 10
641 0 1179424603 85 11 0 10 10
642 0 1179543371 85 11 0 10 10
643 0 1179545129 85 11 0 10 10
644 0 1179662203 85 14 0 10 10
645 0 1179662491 85 14 0 10 10
646 0 1179899936 86 13 0 10 10
647 0 1179900620 86 13 0 10 10
648 0 1180018699 86 16 0 10 10
649 0 1180019167 86 16 0 10 10
650 0 1180137531 86 18 0 10 10
651 0 1180139587 86 18 0 10 10
652 0 1180256433 86 21 0 10 10
653 0 1180256433 86 21 0 10 10
654 0 1180375195 86 23 0 10 10
655 0 1180375511 86 24 0 10 10
656 0 1180494088 85 30 0 10 10
657 0 1180494475 85 30 0 10 10
658 0 1180612859 86 34 0 10 10
659 0 1180613003 86 34 0 10 10
660 0 1180731798 87 40 0 10 10
661 0 1180731798 87 40 0 10 10
662 0 1180850645 86 46 0 10 10
663 0 1180850645 86 46 0 10 10
664 0 1180969355 86 45 0 10 10
665 0 1180969820 86 45 0 10 10
666 0 1181088274 87 45 0 10 10
667 0 1181088274 87 45 0 10 10
668 0 1181207081 87 45 0 10 10
669 0 1181207081 87 45 0 10 10
670 0 1181325893 87 44 0 10 10
671 0 1181325893 87 44 0 10 10
672 0 1181444808 83 39 0 10 10
673 0 1181445225 83 39 0 10 10
674 0 1181563515 79 36 0 10 10
675 0 1181563691 79 36 0 10 10
676 0 1181682347 76 33 0 10 10
677 0 1181682735 76 33 0 10 10
678 0 1181801299 68 32 0 10 10
679 0 1181801299 68 32 0 10 10
680 0 1181920132 64 31 0 10 10
681 0 1181920132 64 31 0 10 10
682 0 1182038951 60 32 0 10 10
683 0 1182038951 60 32 0 10 10
684 0 1182157773 59 32 0 10 10
685 0 1182157773 59 32 0 10 10
686 0 1182276507 61 32 0 10 10
687 0 1182276638 61 32 0 10 10
688 0 1182395462 61 32 0 10 10
689 0 1182395462 61 32 0 10 10
690 0 1182514283 61 34 0 10 10
691 0 1182514283 61 34 0 10 10
692 0 1182633004 62 37 0 10 10
693 0 1182633208 62 37 0 10 10
694 0 1182751835 64 46 0 10 10
695 0 1182752088 64 46 0 10 10
696 0 1182870667 62 49 0 10 10
697 0 1182870840 62 49 0 10 10
698 0 1182989601 61 54 0 10 10
699 0 1182989601 61 54 0 10 10
700 0 1183108457 59 58 0 10 10
701 0 1183108457 59 58 0 10 10
702 0 1183227211 62 61 0 10 10
703 0 1183227211 62 61 0 10 10
704 0 1183346081 64 60 0 10 10
705 0 1183346081 64 60 0 10 10
706 0 1183464938 68 59 0 10 10
707 0 1183464938 68 59 0 10 10
708 0 1183583724 72 59 0 10 10
709 0 1183583848 72 59 0 10 10
710 0 1183702610 76 53 0 10 10
711 0 1183702610 76 53 0 10 10
712 0 1183821402 79 53 0 10 10
713 0 1183821402 79 53 0 10 10
714 0 1183940155 83 52 0 10 10
715 0 1183940301 83 52 0 10 10
716 0 1184058987 85 52 0 10 10
717 0 1184059268 85 52 0 10 10
718 0 1184177919 86 53 0 10 10
719 0 1184177919 86 53 0 10 10
720 0 1184296724 86 53 0 10 10
721 0 1184296724 86 53 0 10 10
722 0 1184415551 87 56 0 10 10
723 0 1184415551 87 56 0 10 10
724 0 1184534373 87 57 0 10 10
725 0 1184534373 87 57 0 10 10
726 0 1184653174 87 56 0 10 10
727 0 1184653174 87 56 0 10 10
728 0 1184772013 87 56 0 10 10
729 0 1184772659 87 56 0 10 10
730 0 1184890921 85 56 0 10 10
731 0 1184890921 85 56 0 10 10
732 0 1185009748 82 56 0 10 10
733 0 1185009748 82 56 0 10 10
734 0 1185128579 77 56 0 10 10
735 0 1185128621 77 56 0 10 10
736 0 1185247323 77 59 0 10 10
737 0 1185247323 77 59 0 10 10
738 0 1185366248 74 56 0 10 10
739 0 1185366248 74 56 0 10 10
740 0 1185485081 71 53 0 10 10
741 0 1185485081 71 53 0 10 10
742 0 1185603826 74 53 0 10 10
743 0 1185603826 74 53 0 10 10
744 0 1185722732 71 53 0 10 10
745 0 1185726161 71 53 0 10 10
746 0 1185841467 70 52 0 10 10
747 0 1185842933 70 52 0 10 10
748 0 1185960319 72 52 0 10 10
749 0 1185960771 72 52 0 10 10
750 0 1186079227 75 52 0 10 10
751 0 1186079227 75 52 0 10 10
752 0 1186198006 78 52 0 10 10
753 0 1186198006 78 52 0 10 10
754 0 1186316885 83 51 0 10 10
755 0 1186317075 83 51 0 10 10
756 0 1186435627 87 54 0 10 10
757 0 1186436114 87 54 0 10 10
758 0 1186554572 86 56 0 10 10
759 0 1186554572 86 56 0 10 10
760 0 1186673291 86 56 0 10 10
761 0 1186674532 86 56 0 10 10
762 0 1186792166 87 55 0 10 10
763 0 1186792166 87 55 0 10 10
764 0 1186911068 86 56 0 10 10
765 0 1186911068 86 56 0 10 10
766 0 1187029910 84 56 0 10 10
767 0 1187029910 84 56 0 10 10
768 0 1187148677 83 57 0 10 10
769 0 1187148677 83 57 0 10 10
770 0 1187267556 78 58 0 10 10
771 0 1187267556 78 58 0 10 10
772 0 1187386366 83 60 0 10 10
773 0 1187386366 83 60 0 10 10
774 0 1187505115 84 64 0 10 10
775 0 1187505459 84 64 0 10 10
776 0 1187624015 85 67 0 10 10
777 0 1187624015 85 67 0 10 10
778 0 1187742779 89 73 0 10 10
779 0 1187742918 89 73 0 10 10
780 0 1187861711 88 78 0 10 10
781 0 1187861711 88 78 0 10 10
782 0 1187980453 88 81 0 10 10
783 0 1187980453 88 81 0 10 10
784 0 1188099398 87 87 0 10 10
785 0 1188099398 87 87 0 10 10
786 0 1188218214 87 89 0 10 10
787 0 1188218270 87 89 0 10 10
788 0 1188336939 85 88 0 10 10
789 0 1188337132 85 88 0 10 10
790 0 1188455801 78 89 0 10 10
791 0 1188456001 78 89 0 10 10
792 0 1188574603 72 88 0 10 10
793 0 1188574731 72 88 0 10 10
794 0 1188693435 70 89 0 10 10
795 0 1188694541 70 89 0 10 10
796 0 1188812367 73 89 0 10 10
797 0 1188812396 73 89 0 10 10
798 0 1188931184 71 85 0 10 10
799 0 1188931184 71 85 0 10 10
800 0 1189049998 70 82 0 10 10
801 0 1189049998 70 82 0 10 10
802 0 1189168763 70 75 0 10 10
803 0 1189169099 70 75 0 10 10
804 0 1189287698 69 69 0 10 10
805 0 1189287698 69 69 0 10 10
806 0 1189406551 70 67 0 10 10
807 0 1189406551 70 67 0 10 10
808 0 1189525323 68 67 0 10 10
809 0 1189525323 68 67 0 10 10
810 0 1189644091 62 69 0 10 10
811 0 1189644241 62 69 0 10 10
812 0 1189762923 62 69 0 10 10
813 0 1189763153 62 69 0 10 10
814 0 1189881877 62 69 0 10 10
815 0 1189881877 62 69 0 10 10
816 0 1190000713 62 69 0 10 10
817 0 1190000713 62 69 0 10 10
818 0 1190119454 62 69 0 10 10
819 0 1190119454 62 69 0 10 10
820 0 1190238251 62 76 0 10 10
821 0 1190238570 62 76 0 10 10
822 0 1190357128 62 80 0 10 10
823 0 1190357128 62 80 0 10 10
824 0 1190476041 62 81 0 10 10
825 0 1190476041 62 81 0 10 10
826 0 1190594809 59 80 0 10 10
827 0 1190595157 58 80 0 10 10
828 0 1190713579 57 82 0 10 10
829 0 1190714001 57 82 0 10 10
830 0 1190832527 53 81 0 10 10
831 0 1190832527 53 81 0 10 10
832 0 1190951243 51 81 0 10 10
833 0 1190951570 51 81 0 10 10
834 0 1191070145 52 79 0 10 10
835 0 1191070145 52 79 0 10 10
836 0 1191188962 53 78 0 10 10
837 0 1191189266 53 78 0 10 10
838 0 1191307863 55 73 0 10 10
839 0 1191307863 55 73 0 10 10
840 0 1191426688 54 70 0 10 10
841 0 1191426688 54 70 0 10 10
842 0 1191545528 55 68 0 10 10
843 0 1191545801 55 68 0 10 10
844 0 1191664235 55 68 0 10 10
845 0 1191664525 55 68 0 10 10
846 0 1191783067 48 69 0 10 10
847 0 1191783398 48 69 0 10 10
848 0 1191901910 45 69 0 10 10
849 0 1191901910 45 69 0 10 10
850 0 1192020846 40 67 0 10 10
851 0 1192020846 40 67 0 10 10
852 0 1192139688 39 67 0 10 10
853 0 1192139688 39 67 0 10 10
854 0 1192258395 39 66 0 10 10
855 0 1192258697 39 66 0 10 10
856 0 1192377227 39 66 0 10 10
857 0 1192377840 39 66 0 10 10
858 0 1192496169 39 66 0 10 10
859 0 1192496915 39 66 0 10 10
860 0 1192614891 39 66 0 10 10
861 0 1192615520 39 66 0 10 10
862 0 1192733725 39 65 0 10 10
863 0 1192746251 39 65 0 10 10
864 0 1192852636 39 64 0 10 10
865 0 1192852636 39 64 0 10 10
866 0 1192971445 39 64 0 10 10
867 0 1192971445 39 64 0 10 10
868 0 1193090321 39 66 0 10 10
869 0 1193090321 39 66 0 10 10
870 0 1193209146 39 66 0 10 10
871 0 1193209146 39 66 0 10 10
872 0 1193327883 39 64 0 10 10
873 0 1193328070 39 64 0 10 10
874 0 1193446715 39 64 0 10 10
875 0 1193447667 39 64 0 10 10
876 0 1193565547 39 64 0 10 10
877 0 1193568425 39 64 0 10 10
878 0 1193684444 39 64 0 10 10
879 0 1193685445 39 64 0 10 10
880 0 1193803211 39 65 0 10 10
881 0 1193803551 39 65 0 10 10
882 0 1193922043 39 64 0 10 10
883 0 1193923398 39 64 0 10 10
884 0 1194040875 39 64 0 10 10
885 0 1194041985 39 64 0 10 10
886 0 1194159832 38 62 0 10 10
887 0 1194159832 38 62 0 10 10
888 0 1194278597 38 62 0 10 10
889 0 1194279317 38 62 0 10 10
890 0 1194516203 38 57 0 10 10
891 0 1194516382 38 57 0 10 10
892 0 1194635035 38 56 0 10 10
893 0 1194636501 38 56 0 10 10
894 0 1194753867 39 55 0 10 10
895 0 1194753994 39 55 0 10 10
896 0 1194872804 39 55 0 10 10
897 0 1194872804 39 55 0 10 10
898 0 1194991585 39 57 0 10 10
899 0 1194991585 39 57 0 10 10
900 0 1195110363 39 61 0 10 10
901 0 1195110640 39 61 0 10 10
902 0 1195229300 39 64 0 10 10
903 0 1195229809 39 64 0 10 10
904 0 1195348104 42 67 0 10 10
905 0 1195348104 42 67 0 10 10
906 0 1195466940 45 70 0 10 10
907 0 1195466940 45 70 0 10 10
908 0 1195585792 46 72 0 10 10
909 0 1195585792 46 72 0 10 10
910 0 1195704636 51 74 0 10 10
911 0 1195704636 51 74 0 10 10
912 0 1195823453 53 76 0 10 10
913 0 1195824416 53 76 0 10 10
914 0 1195942187 55 74 0 10 10
915 0 1195942462 55 74 0 10 10
916 0 1196061039 55 74 0 10 10
917 0 1196061221 55 74 0 10 10
918 0 1196179934 56 71 0 10 10
919 0 1196179934 56 71 0 10 10
920 0 1196298683 53 69 0 10 10
921 0 1196299270 53 69 0 10 10
922 0 1196417605 53 68 0 10 10
923 0 1196417898 53 68 0 10 10
924 0 1196536467 48 67 0 10 10
925 0 1196536467 48 67 0 10 10
926 0 1196655291 45 68 0 10 10
927 0 1196655291 45 68 0 10 10
928 0 1196774113 41 66 0 10 10
929 0 1196774113 41 66 0 10 10
930 0 1196892843 38 68 0 10 10
931 0 1196893393 38 68 0 10 10
932 0 1197011798 39 66 0 10 10
933 0 1197011798 39 66 0 10 10
934 0 1197130610 40 63 0 10 10
935 0 1197130610 40 63 0 10 10
936 0 1197249414 39 60 0 10 10
937 0 1197249414 39 60 0 10 10
938 0 1197368246 38 56 0 10 10
939 0 1197368313 38 56 0 10 10
940 0 1197487003 39 54 0 10 10
941 0 1197487241 39 54 0 10 10
942 0 1197605835 39 55 0 10 10
943 0 1197605988 39 55 0 10 10
944 0 1197724684 39 55 0 10 10
945 0 1197724684 39 55 0 10 10
946 0 1197843569 39 55 0 10 10
947 0 1197843569 39 55 0 10 10
948 0 1197962369 39 55 0 10 10
949 0 1197962624 39 55 0 10 10
950 0 1198081163 39 55 0 10 10
951 0 1198083301 39 55 0 10 10
952 0 1198199995 39 55 0 10 10
953 0 1198202839 40 55 0 10 10
954 0 1198318935 40 56 0 10 10
955 0 1198319787 40 56 0 10 10
956 0 1198437659 45 58 0 10 10
957 0 1198438024 45 58 0 10 10
958 0 1198556612 45 58 0 10 10
959 0 1198556612 45 58 0 10 10
960 0 1198675363 51 61 0 10 10
961 0 1198675363 51 61 0 10 10
962 0 1198794163 54 61 0 10 10
963 0 1198794163 54 61 0 10 10
964 0 1198913088 54 61 0 10 10
965 0 1198913288 54 61 0 10 10
966 0 1199031907 54 61 0 10 10
967 0 1199031907 54 61 0 10 10
968 0 1199150776 54 61 0 10 10
969 0 1199150776 54 61 0 10 10
970 0 1199269606 54 59 0 10 10
971 0 1199269606 54 59 0 10 10
972 0 1199388418 53 55 0 10 10
973 0 1199388418 53 55 0 10 10
974 0 1199507241 53 52 0 10 10
975 0 1199507658 53 52 0 10 10
976 0 1199626043 54 48 0 10 10
977 0 1199626043 54 48 0 10 10
978 0 1199744811 54 44 0 10 10
979 0 1199745129 54 44 0 10 10
980 0 1199863728 54 38 0 10 10
981 0 1199863728 54 38 0 10 10
982 0 1199982475 54 38 0 10 10
983 0 1199982732 54 38 0 10 10
984 0 1200101429 52 37 0 10 10
985 0 1200101429 52 37 0 10 10
986 0 1200220165 50 38 0 10 10
987 0 1200220165 50 38 0 10 10
988 0 1200338971 46 39 0 10 10
989 0 1200339334 46 39 0 10 10
990 0 1200457803 39 37 0 10 10
991 0 1200458141 39 37 0 10 10
992 0 1200576635 36 38 0 10 10
993 0 1200576778 36 38 0 10 10
994 0 1200695565 26 37 0 10 10
995 0 1200695565 26 37 0 10 10
996 0 1200814299 29 36 0 10 10
997 0 1200814685 29 36 0 10 10
998 0 1200933131 29 34 0 10 10
999 0 1200933428 29 34 0 10 10
1000 0 1201052082 29 36 0 10 10
1001 0 1201052082 29 36 0 10 10
1002 0 1201170911 29 34 0 10 10
1003 0 1201170911 29 34 0 10 10
1004 0 1201289683 29 32 0 10 10
1005 0 1201289913 29 32 0 10 10
1006 0 1201408459 28 29 0 10 10
1007 0 1201410928 28 29 0 10 10
1008 0 1201527291 28 29 0 10 10
1009 0 1201528393 28 29 0 10 10
1010 0 1201646249 28 29 0 10 10
1011 0 1201651461 28 29 0 10 10
1012 0 1201764955 29 29 0 10 10
1013 0 1201765228 29 29 0 10 10
1014 0 1201883867 29 28 0 10 10
1015 0 1201883867 29 28 0 10 10
1016 0 1202002619 29 27 0 10 10
1017 0 1202003004 29 27 0 10 10
1018 0 1202121451 32 26 0 10 10
1019 0 1202121973 32 26 0 10 10
1020 0 1202240323 35 23 0 10 10
1021 0 1202240884 35 23 0 10 10
1022 0 1202359185 40 17 0 10 10
1023 0 1202359185 40 17 0 10 10
1024 0 1202478061 40 14 0 10 10
1025 0 1202478061 40 14 0 10 10
1026 0 1202596890 42 12 0 10 10
1027 0 1202596907 42 12 0 10 10
1028 0 1202715611 42 12 0 10 10
1029 0 1202715769 42 12 0 10 10
1030 0 1202834446 42 12 0 10 10
1031 0 1202834827 42 12 0 10 10
1032 0 1202953335 42 12 0 10 10
1033 0 1202953335 42 12 0 10 10
1034 0 1203072107 38 12 0 10 10
1035 0 1203073068 38 12 0 10 10
1036 0 1203191013 35 12 0 10 10
1037 0 1203191233 35 12 0 10 10
1038 0 1203309771 30 13 0 10 10
1039 0 1203310476 30 13 0 10 10
1040 0 1203428681 27 13 0 10 10
1041 0 1203428681 27 13 0 10 10
1042 0 1203547442 21 13 0 10 10
1043 0 1203547442 21 13 0 10 10
1044 0 1203666390 16 15 0 10 10
1045 0 1203666390 16 15 0 10 10
1046 0 1203785200 18 19 0 10 10
1047 0 1203785200 18 19 0 10 10
1048 0 1203903954 18 23 0 10 10
1049 0 1203903954 18 23 0 10 10
1050 0 1204022763 16 27 0 10 10
1051 0 1204023185 16 27 0 10 10
1052 0 1204141595 15 28 0 10 10
1053 0 1204145094 15 28 0 10 10
1054 0 1204260427 15 28 0 10 10
1055 0 1204260605 15 28 0 10 10
1056 0 1204379373 15 28 0 10 10
1057 0 1204379373 15 28 0 10 10
1058 0 1204498198 15 27 0 10 10
1059 0 1204498198 15 27 0 10 10
1060 0 1204616923 15 27 0 10 10
1061 0 1204617272 15 27 0 10 10
1062 0 1204735762 17 28 0 10 10
1063 0 1204735762 17 28 0 10 10
1064 0 1204854587 20 27 0 10 10
1065 0 1204855008 20 26 0 10 10
1066 0 1204973508 22 28 0 10 10
1067 0 1204973508 22 28 0 10 10
1068 0 1205092360 23 33 0 10 10
1069 0 1205092360 23 33 0 10 10
1070 0 1205211189 19 37 0 10 10
1071 0 1205211189 19 37 0 10 10
1072 0 1205330021 15 42 0 10 10
1073 0 1205330281 15 42 0 10 10
1074 0 1205448750 16 44 0 10 10
1075 0 1205448750 16 44 0 10 10
1076 0 1205567686 15 48 0 10 10
1077 0 1205567686 15 48 0 10 10
1078 0 1205686501 15 51 0 10 10
1079 0 1205686501 15 51 0 10 10
1080 0 1205805349 15 51 0 10 10
1081 0 1205805349 15 51 0 10 10
1082 0 1205924174 14 50 0 10 10
1083 0 1205924275 14 50 0 10 10
1084 0 1206042907 15 50 0 10 10
1085 0 1206043047 15 50 0 10 10
1086 0 1206161760 14 50 0 10 10
1087 0 1206162140 14 50 0 10 10
1088 0 1206280571 15 49 0 10 10
1089 0 1206280734 15 49 0 10 10
1090 0 1206399403 15 49 0 10 10
1091 0 1206399644 15 49 0 10 10
1092 0 1206518327 17 48 0 10 10
1093 0 1206518808 17 48 0 10 10
1094 0 1206637183 17 48 0 10 10
1095 0 1206637183 17 48 0 10 10
1096 0 1206756007 18 46 0 10 10
1097 0 1206756007 18 46 0 10 10
1098 0 1206874731 21 47 0 10 10
1099 0 1206875097 21 48 0 10 10
1100 0 1206993563 23 51 0 10 10
1101 0 1206994006 23 51 0 10 10
1102 0 1207112520 23 54 0 10 10
1103 0 1207112520 23 54 0 10 10
1104 0 1207231352 23 61 0 10 10
1105 0 1207231352 23 61 0 10 10
1106 0 1207350172 20 64 0 10 10
1107 0 1207350172 20 64 0 10 10
1108 0 1207468989 15 63 0 10 10
1109 0 1207468989 15 63 0 10 10
1110 0 1207587823 15 63 0 10 10
1111 0 1207587823 15 63 0 10 10
1112 0 1207706572 15 63 0 10 10
1113 0 1207706572 15 63 0 10 10
1114 0 1207825387 14 61 0 10 10
1115 0 1207825584 14 61 0 10 10
1116 0 1207944219 14 61 0 10 10
1117 0 1207944571 14 61 0 10 10
1118 0 1208063090 14 64 0 10 10
1119 0 1208063237 14 64 0 10 10
1120 0 1208181983 14 66 0 10 10
1121 0 1208181983 14 66 0 10 10
1122 0 1208300715 14 69 0 10 10
1123 0 1208300945 14 69 0 10 10
1124 0 1208419657 15 75 0 10 10
1125 0 1208420653 16 76 0 10 10
1126 0 1208538473 16 78 0 10 10
1127 0 1208538473 16 78 0 10 10
1128 0 1208657243 18 85 0 10 10
1129 0 1208657360 18 85 0 10 10
1130 0 1208776161 20 90 0 10 10
1131 0 1208776161 20 90 0 10 10
1132 0 1208894921 25 91 0 10 10
1133 0 1208894921 25 91 0 10 10
1134 0 1209013810 27 89 0 10 10
1135 0 1209014182 27 89 0 10 10
1136 0 1209132553 26 90 0 10 10
1137 0 1209132553 26 90 0 10 10
1138 0 1209251396 26 91 0 10 10
1139 0 1209257567 26 91 0 10 10
1140 0 1209370284 26 91 0 10 10
1141 0 1209370284 26 91 0 10 10
1142 0 1209489115 26 91 0 10 10
1143 0 1209489115 26 91 0 10 10
1144 0 1209607962 26 89 0 10 10
1145 0 1209608294 26 89 0 10 10
1146 0 1209726822 25 83 0 10 10
1147 0 1209726822 25 83 0 10 10
1148 0 1209845532 25 77 0 10 10
1149 0 1209845837 25 77 0 10 10
1150 0 1209964363 29 71 0 10 10
1151 0 1209964712 29 71 0 10 10
1152 0 1210083263 32 72 0 10 10
1153 0 1210083263 32 72 0 10 10
1154 0 1210202147 34 70 0 10 10
1155 0 1210202147 34 70 0 10 10
1156 0 1210320859 35 69 0 10 10
1157 0 1210321426 35 69 0 10 10
1158 0 1210439691 35 76 0 10 10
1159 0 1210440010 35 76 0 10 10
1160 0 1210558523 33 78 0 10 10
1161 0 1210558823 33 78 0 10 10
1162 0 1210677355 34 81 0 10 10
1163 0 1210677532 34 81 0 10 10
1164 0 1210796267 34 86 0 10 10
1165 0 1210796267 34 86 0 10 10
1166 0 1210915019 34 90 0 10 10
1167 0 1210915872 34 90 0 10 10
1168 0 1211033851 35 91 0 10 10
1169 0 1211034828 35 91 0 10 10
1170 0 1211152733 39 91 0 10 10
1171 0 1211152733 39 91 0 10 10
1172 0 1211271557 44 91 0 10 10
1173 0 1211271557 44 91 0 10 10
1174 0 1211390404 45 89 0 10 10
1175 0 1211390740 45 89 0 10 10
1176 0 1211509224 57 90 0 10 10
1177 0 1211509224 57 90 0 10 10
1178 0 1211628109 64 91 0 10 10
1179 0 1211628109 64 91 0 10 10
1180 0 1211746967 65 91 0 10 10
1181 0 1211746967 65 91 0 10 10
1182 0 1211865791 65 91 0 10 10
1183 0 1211865791 65 91 0 10 10
1184 0 1211984615 55 87 0 10 10
1185 0 1211984615 55 87 0 10 10
1186 0 1212103441 50 88 0 10 10
1187 0 1212103441 50 88 0 10 10
1188 0 1212222171 40 87 0 10 10
1189 0 1212222333 40 87 0 10 10
1190 0 1212341125 33 90 0 10 10
1191 0 1212341125 33 90 0 10 10
1192 0 1212459835 32 90 0 10 10
1193 0 1212460396 32 90 0 10 10
1194 0 1212578710 30 89 0 10 10
1195 0 1212578710 30 89 0 10 10
1196 0 1212697611 30 87 0 10 10
1197 0 1212697848 30 87 0 10 10
1198 0 1212816448 30 84 0 10 10
1199 0 1212816448 30 84 0 10 10
1200 0 1212935252 31 79 0 10 10
1201 0 1212935252 31 79 0 10 10
1202 0 1213054073 30 71 0 10 10
1203 0 1213054073 30 71 0 10 10
1204 0 1213172953 34 69 0 10 10
1205 0 1213172953 34 69 0 10 10
1206 0 1213291735 34 71 0 10 10
1207 0 1213291815 34 71 0 10 10
1208 0 1213410491 34 70 0 10 10
1209 0 1213410719 34 70 0 10 10
1210 0 1213529449 31 69 0 10 10
1211 0 1213529449 31 69 0 10 10
1212 0 1213648155 28 69 0 10 10
1213 0 1213648526 28 69 0 10 10
1214 0 1213767113 28 70 0 10 10
1215 0 1213767113 28 70 0 10 10
1216 0 1213885925 28 70 0 10 10
1217 0 1213885925 28 70 0 10 10
1218 0 1214004651 28 69 0 10 10
1219 0 1214006205 28 69 0 10 10
1220 0 1214123558 28 69 0 10 10
1221 0 1214123558 28 69 0 10 10
1222 0 1214242325 29 71 0 10 10
1223 0 1214242325 29 71 0 10 10
1224 0 1214361151 28 70 0 10 10
1225 0 1214361151 28 70 0 10 10
1226 0 1214480101 28 73 0 10 10
1227 0 1214480101 28 73 0 10 10
1228 0 1214598811 28 76 0 10 10
1229 0 1214599004 28 76 0 10 10
1230 0 1214717674 25 81 0 10 10
1231 0 1214717674 25 81 0 10 10
1232 0 1214836567 23 86 0 10 10
1233 0 1214836567 23 86 0 10 10
1234 0 1214955386 18 90 0 10 10
1235 0 1214955386 18 90 0 10 10
1236 0 1215074262 15 90 0 10 10
1237 0 1215074262 15 90 0 10 10
1238 0 1215193096 15 90 0 10 10
1239 0 1215193096 15 90 0 10 10
1240 0 1215311803 15 88 0 10 10
1241 0 1215312244 15 88 0 10 10
1242 0 1215430743 14 83 0 10 10
1243 0 1215431067 14 83 0 10 10
1244 0 1215549573 18 72 0 10 10
1245 0 1215549573 18 72 0 10 10
1246 0 1215668381 18 66 0 10 10
1247 0 1215668381 18 66 0 10 10
1248 0 1215787131 15 61 0 10 10
1249 0 1215787555 15 61 0 10 10
1250 0 1215905963 14 57 0 10 10
1251 0 1215906504 14 57 0 10 10
1252 0 1216024896 14 57 0 10 10
1253 0 1216025350 14 57 0 10 10
1254 0 1216143753 14 56 0 10 10
1255 0 1216143753 14 56 0 10 10
1256 0 1216262482 14 56 0 10 10
1257 0 1216262643 14 56 0 10 10
1258 0 1216381291 14 56 0 10 10
1259 0 1216382145 14 56 0 10 10
1260 0 1216500123 14 56 0 10 10
1261 0 1216500330 14 56 0 10 10
1262 0 1216619049 15 56 0 10 10
1263 0 1216619109 15 56 0 10 10
1264 0 1216737787 17 56 0 10 10
1265 0 1216738241 17 56 0 10 10
1266 0 1216856666 18 56 0 10 10
1267 0 1216856666 18 56 0 10 10
1268 0 1216975451 20 57 0 10 10
1269 0 1216975665 20 57 0 10 10
1270 0 1217094405 21 54 0 10 10
1271 0 1217094405 21 54 0 10 10
1272 0 1217213238 23 52 0 10 10
1273 0 1217213238 23 52 0 10 10
1274 0 1217332063 19 49 0 10 10
1275 0 1217332063 19 49 0 10 10
1276 0 1217450833 15 47 0 10 10
1277 0 1217450833 15 47 0 10 10
1278 0 1217569699 15 45 0 10 10
1279 0 1217569699 15 45 0 10 10
1280 0 1217688566 15 43 0 10 10
1281 0 1217688566 15 43 0 10 10
1282 0 1217807275 15 39 0 10 10
1283 0 1217807684 15 39 0 10 10
1284 0 1217926152 15 34 0 10 10
1285 0 1217926152 15 34 0 10 10
1286 0 1218045002 15 34 0 10 10
1287 0 1218045002 15 34 0 10 10
1288 0 1218163891 15 34 0 10 10
1289 0 1218163891 15 34 0 10 10
1290 0 1218282603 15 34 0 10 10
1291 0 1218285072 15 34 0 10 10
1292 0 1218401435 14 33 0 10 10
1293 0 1218402447 14 33 0 10 10
1294 0 1218520393 15 34 0 10 10
1295 0 1218520393 15 34 0 10 10
1296 0 1218639099 15 34 0 10 10
1297 0 1218639448 15 34 0 10 10
1298 0 1218757965 14 33 0 10 10
1299 0 1218760708 14 33 0 10 10
1300 0 1218876763 14 33 0 10 10
1301 0 1218877037 14 33 0 10 10
1302 0 1218995635 14 33 0 10 10
1303 0 1218995635 14 33 0 10 10
1304 0 1219114531 18 33 0 10 10
1305 0 1219115041 18 33 0 10 10
1306 0 1219233378 20 32 0 10 10
1307 0 1219233378 20 32 0 10 10
1308 0 1219352216 23 29 0 10 10
1309 0 1219352216 23 29 0 10 10
1310 0 1219470949 23 29 0 10 10
1311 0 1219470949 23 29 0 10 10
1312 0 1219589755 17 29 0 10 10
1313 0 1219589989 17 29 0 10 10
1314 0 1219708701 15 23 0 10 10
1315 0 1219708701 15 23 0 10 10
1316 0 1219827419 16 19 0 10 10
1317 0 1219827552 16 19 0 10 10
1318 0 1219946374 19 16 0 10 10
1319 0 1219946374 19 16 0 10 10
1320 0 1220065085 23 12 0 10 10
1321 0 1220065085 23 12 0 10 10
1322 0 1220183915 25 13 0 10 10
1323 0 1220184478 25 13 0 10 10
1324 0 1220302826 33 12 0 10 10
1325 0 1220302826 33 12 0 10 10
1326 0 1220421579 38 12 0 10 10
1327 0 1220421869 38 12 0 10 10
1328 0 1220540411 43 11 0 10 10
1329 0 1220541907 42 11 0 10 10
1330 0 1220659243 42 12 0 10 10
1331 0 1220659623 42 12 0 10 10
1332 0 1220778164 42 10 0 10 10
1333 0 1220778164 42 10 0 10 10
1334 0 1221015837 42 11 0 10 10
1335 0 1221015837 42 11 0 10 10
1336 0 1221134641 43 10 0 10 10
1337 0 1221134641 43 10 0 10 10
1338 0 1221253403 42 13 0 10 10
1339 0 1221253676 42 13 0 10 10
1340 0 1221372235 42 17 0 10 10
1341 0 1221372740 42 17 0 10 10
1342 0 1221491176 42 21 0 10 10
1343 0 1221491176 42 21 0 10 10
1344 0 1221610015 42 21 0 10 10
1345 0 1221610015 42 21 0 10 10
1346 0 1221728731 41 21 0 10 10
1347 0 1221729058 41 21 0 10 10
1348 0 1221847601 36 19 0 10 10
1349 0 1221847601 36 19 0 10 10
1350 0 1221966472 36 17 0 10 10
1351 0 1221966472 36 17 0 10 10
1352 0 1222085326 35 14 0 10 10
1353 0 1222085326 35 14 0 10 10
1354 0 1222204178 34 13 0 10 10
1355 0 1222204178 34 13 0 10 10
1356 0 1222323017 30 12 0 10 10
1357 0 1222323017 30 12 0 10 10
1358 0 1222441849 27 13 0 10 10
1359 0 1222441849 27 13 0 10 10
1360 0 1222560676 23 16 0 10 10
1361 0 1222560676 23 16 0 10 10
1362 0 1222679387 22 16 0 10 10
1363 0 1222679664 22 16 0 10 10
1364 0 1222798333 22 16 0 10 10
1365 0 1222798645 22 16 0 10 10
1366 0 1222917051 23 18 0 10 10
1367 0 1222917271 23 18 0 10 10
1368 0 1223035890 25 17 0 10 10
1369 0 1223036030 25 17 0 10 10
1370 0 1223154715 28 14 0 10 10
1371 0 1223155511 28 14 0 10 10
1372 0 1223273547 31 12 0 10 10
1373 0 1223274345 31 12 0 10 10
1374 0 1223392456 36 11 0 10 10
1375 0 1223392576 36 11 0 10 10
1376 0 1223511284 42 11 0 10 10
1377 0 1223511284 42 11 0 10 10
1378 0 1223630118 42 11 0 10 10
1379 0 1223630118 42 11 0 10 10
1380 0 1223748875 42 11 0 10 10
1381 0 1223749026 42 11 0 10 10
1382 0 1223867809 42 11 0 10 10
1383 0 1223867809 42 11 0 10 10
1384 0 1223986664 42 11 0 10 10
1385 0 1223986664 42 11 0 10 10
1386 0 1224105494 41 14 0 10 10
1387 0 1224105494 41 14 0 10 10
1388 0 1224224288 39 20 0 10 10
1389 0 1224224288 39 20 0 10 10
1390 0 1224343035 38 24 0 10 10
1391 0 1224343638 38 24 0 10 10
1392 0 1224461900 34 29 0 10 10
1393 0 1224461900 34 29 0 10 10
1394 0 1224580821 29 37 0 10 10
1395 0 1224580821 29 37 0 10 10
1396 0 1224699650 29 41 0 10 10
1397 0 1224699650 29 41 0 10 10
1398 0 1224818480 29 41 0 10 10
1399 0 1224818480 29 41 0 10 10
1400 0 1224937195 28 40 0 10 10
1401 0 1224937350 28 40 0 10 10
1402 0 1225056074 30 41 0 10 10
1403 0 1225056074 30 41 0 10 10
1404 0 1225174898 33 41 0 10 10
1405 0 1225175141 33 41 0 10 10
1406 0 1225293691 37 41 0 10 10
1407 0 1225294357 37 41 0 10 10
1408 0 1225412545 41 41 0 10 10
1409 0 1225412545 41 41 0 10 10
1410 0 1225531465 46 41 0 10 10
1411 0 1225531613 46 41 0 10 10
1412 0 1225650292 53 41 0 10 10
1413 0 1225650292 53 41 0 10 10
1414 0 1225769089 54 42 0 10 10
1415 0 1225769089 54 42 0 10 10
1416 0 1225887851 50 42 0 10 10
1417 0 1225888431 50 42 0 10 10
1418 0 1226006683 53 43 0 10 10
1419 0 1226007318 53 43 0 10 10
1420 0 1226125618 54 48 0 10 10
1421 0 1226126413 54 48 0 10 10
1422 0 1226244470 55 54 0 10 10
1423 0 1226244470 55 54 0 10 10
1424 0 1226363204 53 58 0 10 10
1425 0 1226363346 53 58 0 10 10
1426 0 1226482011 51 62 0 10 10
1427 0 1226482695 51 62 0 10 10
1428 0 1226600967 48 61 0 10 10
1429 0 1226600967 48 61 0 10 10
1430 0 1226719791 42 61 0 10 10
1431 0 1226719791 42 61 0 10 10
1432 0 1226838561 38 63 0 10 10
1433 0 1226838561 38 63 0 10 10
1434 0 1226957339 40 68 0 10 10
1435 0 1226957622 40 68 0 10 10
1436 0 1227076265 39 72 0 10 10
1437 0 1227076265 39 72 0 10 10
1438 0 1227195031 38 74 0 10 10
1439 0 1227195031 38 74 0 10 10
1440 0 1227313844 38 75 0 10 10
1441 0 1227315063 38 75 0 10 10
1442 0 1227432774 38 75 0 10 10
1443 0 1227432774 38 75 0 10 10
1444 0 1227551499 38 72 0 10 10
1445 0 1227551628 38 72 0 10 10
1446 0 1227670411 38 68 0 10 10
1447 0 1227670706 38 68 0 10 10
1448 0 1227789193 39 61 0 10 10
1449 0 1227789193 39 61 0 10 10
1450 0 1227908017 39 58 0 10 10
1451 0 1227908017 39 58 0 10 10
1452 0 1228026931 38 54 0 10 10
1453 0 1228026931 38 54 0 10 10
1454 0 1228145659 39 54 0 10 10
1455 0 1228146168 39 54 0 10 10
1456 0 1228264534 39 55 0 10 10
1457 0 1228264640 39 55 0 10 10
1458 0 1228383390 39 55 0 10 10
1459 0 1228383390 39 55 0 10 10
1460 0 1228502162 38 55 0 10 10
1461 0 1228502162 38 55 0 10 10
1462 0 1228621101 39 58 0 10 10
1463 0 1228621400 39 58 0 10 10
1464 0 1228739937 39 63 0 10 10
1465 0 1228739937 39 63 0 10 10
1466 0 1228858769 39 67 0 10 10
1467 0 1228858769 39 67 0 10 10
1468 0 1228977592 39 71 0 10 10
1469 0 1228977592 39 71 0 10 10
1470 0 1229096430 44 72 0 10 10
1471 0 1229096430 44 72 0 10 10
1472 0 1229215254 50 72 0 10 10
1473 0 1229215277 50 72 0 10 10
1474 0 1229333979 57 72 0 10 10
1475 0 1229334163 57 72 0 10 10
1476 0 1229452887 53 69 0 10 10
1477 0 1229452887 53 69 0 10 10
1478 0 1229571643 55 68 0 10 10
1479 0 1229571795 55 68 0 10 10
1480 0 1229690475 57 68 0 10 10
1481 0 1229690608 57 68 0 10 10
1482 0 1229809406 58 69 0 10 10
1483 0 1229810062 58 69 0 10 10
1484 0 1229928139 56 68 0 10 10
1485 0 1229928445 56 68 0 10 10
1486 0 1230046976 57 73 0 10 10
1487 0 1230047117 57 73 0 10 10
1488 0 1230165803 59 78 0 10 10
1489 0 1230166028 59 78 0 10 10
1490 0 1230284747 60 81 0 10 10
1491 0 1230284747 60 81 0 10 10
1492 0 1230403543 64 80 0 10 10
1493 0 1230404949 64 80 0 10 10
1494 0 1230522394 65 79 0 10 10
1495 0 1230522394 65 79 0 10 10
1496 0 1230641252 64 74 0 10 10
1497 0 1230641252 64 74 0 10 10
1498 0 1230759963 65 71 0 10 10
1499 0 1230760137 65 71 0 10 10
1500 0 1230878860 66 68 0 10 10
1501 0 1230878860 66 68 0 10 10
1502 0 1230997745 68 67 0 10 10
1503 0 1230997745 68 67 0 10 10
1504 0 1231116579 72 67 0 10 10
1505 0 1231116579 72 67 0 10 10
1506 0 1231235406 72 67 0 10 10
1507 0 1231235406 72 67 0 10 10
1508 0 1231354225 72 70 0 10 10
1509 0 1231354225 72 70 0 10 10
1510 0 1231472959 71 78 0 10 10
1511 0 1231472959 71 78 0 10 10
1512 0 1231591913 72 86 0 10 10
1513 0 1231591913 72 86 0 10 10
1514 0 1231710742 71 89 0 10 10
1515 0 1231710742 71 89 0 10 10
1516 0 1231829574 75 88 0 10 10
1517 0 1231829574 75 88 0 10 10
1518 0 1231948291 81 88 0 10 10
1519 0 1231948291 81 88 0 10 10
1520 0 1232067120 86 86 0 10 10
1521 0 1232067120 86 86 0 10 10
1522 0 1232186047 88 84 0 10 10
1523 0 1232186047 88 84 0 10 10
1524 0 1232304900 86 80 0 10 10
1525 0 1232304900 86 80 0 10 10
1526 0 1232423611 87 74 0 10 10
1527 0 1232424059 87 74 0 10 10
1528 0 1232542538 86 70 0 10 10
1529 0 1232542538 86 70 0 10 10
1530 0 1232661312 87 63 0 10 10
1531 0 1232661312 87 63 0 10 10
1532 0 1232780201 86 62 0 10 10
1533 0 1232780201 86 62 0 10 10
1534 0 1232899056 86 62 0 10 10
1535 0 1232899320 86 62 0 10 10
1536 0 1233017787 84 63 0 10 10
1537 0 1233017787 84 63 0 10 10
1538 0 1233136644 78 61 0 10 10
1539 0 1233136644 78 61 0 10 10
1540 0 1233255435 77 59 0 10 10
1541 0 1233255665 77 59 0 10 10
1542 0 1233374351 78 55 0 10 10
1543 0 1233374351 78 55 0 10 10
1544 0 1233493179 75 52 0 10 10
1545 0 1233493380 75 52 0 10 10
1546 0 1233612012 70 52 0 10 10
1547 0 1233612012 70 52 0 10 10
1548 0 1233730878 63 52 0 10 10
1549 0 1233730878 63 52 0 10 10
1550 0 1233849595 59 52 0 10 10
1551 0 1233849819 59 52 0 10 10
1552 0 1233968437 59 50 0 10 10
1553 0 1233968437 59 50 0 10 10
1554 0 1234087385 60 46 0 10 10
1555 0 1234087385 60 46 0 10 10
1556 0 1234206091 59 42 0 10 10
1557 0 1234206255 59 42 0 10 10
1558 0 1234325046 58 36 0 10 10
1559 0 1234325046 58 36 0 10 10
1560 0 1234443755 59 32 0 10 10
1561 0 1234443926 59 32 0 10 10
1562 0 1234562587 62 32 0 10 10
1563 0 1234562752 62 32 0 10 10
1564 0 1234681530 65 33 0 10 10
1565 0 1234681530 65 33 0 10 10
1566 0 1234800262 71 32 0 10 10
1567 0 1234800262 71 32 0 10 10
1568 0 1235037915 80 31 0 10 10
1569 0 1235038442 80 31 0 10 10
1570 0 1235156821 80 31 0 10 10
1571 0 1235156821 80 31 0 10 10
1572 0 1235275621 80 31 0 10 10
1573 0 1235275799 80 31 0 10 10
1574 0 1235394516 80 31 0 10 10
1575 0 1235394516 80 31 0 10 10
1576 0 1235513360 79 31 0 10 10
1577 0 1235513360 79 31 0 10 10
1578 0 1235632188 81 35 0 10 10
1579 0 1235632470 81 35 0 10 10
1580 0 1235750974 83 39 0 10 10
1581 0 1235750974 83 39 0 10 10
1582 0 1235869774 85 41 0 10 10
1583 0 1235870414 85 42 0 10 10
1584 0 1235988571 86 44 0 10 10
1585 0 1235990350 86 44 0 10 10
1586 0 1236107525 86 45 0 10 10
1587 0 1236107525 86 45 0 10 10
1588 0 1236226340 87 46 0 10 10
1589 0 1236226363 87 46 0 10 10
1590 0 1236345067 85 40 0 10 10
1591 0 1236345320 85 40 0 10 10
1592 0 1236463927 86 37 0 10 10
1593 0 1236464363 86 37 0 10 10
1594 0 1236582731 84 33 0 10 10
1595 0 1236582731 84 33 0 10 10
1596 0 1236701668 86 24 0 10 10
1597 0 1236701668 86 24 0 10 10
1598 0 1236820521 86 16 0 10 10
1599 0 1236820521 86 16 0 10 10
1600 0 1236939344 87 9 0 10 10
1601 0 1236939344 87 9 0 10 10
1602 0 1237058183 82 10 0 10 10
1603 0 1237058183 82 10 0 10 10
1604 0 1237176956 75 12 0 10 10
1605 0 1237176956 75 12 0 10 10
1606 0 1237295723 66 9 0 10 10
1607 0 1237296106 66 9 0 10 10
1608 0 1237414665 58 11 0 10 10
1609 0 1237414665 58 11 0 10 10
1610 0 1237533408 48 10 0 10 10
1611 0 1237533408 48 10 0 10 10
1612 0 1237652345 47 11 0 10 10
1613 0 1237652345 47 11 0 10 10
1614 0 1237771176 47 12 0 10 10
1615 0 1237771176 47 12 0 10 10
1616 0 1237889992 56 11 0 10 10
1617 0 1237889992 56 11 0 10 10
1618 0 1238008817 62 10 0 10 10
1619 0 1238008817 62 10 0 10 10
1620 0 1238127624 68 10 0 10 10
1621 0 1238127624 68 10 0 10 10
1622 0 1238246379 75 10 0 10 10
1623 0 1238246562 75 10 0 10 10
1624 0 1238365337 84 12 0 10 10
1625 0 1238365337 84 12 0 10 10
1626 0 1238484136 85 12 0 10 10
1627 0 1238484136 85 12 0 10 10
1628 0 1238602875 85 11 0 10 10
1629 0 1238603485 85 11 0 10 10
1630 0 1238721823 83 13 0 10 10
1631 0 1238722475 83 13 0 10 10
1632 0 1238840539 85 16 0 10 10
1633 0 1238840765 85 16 0 10 10
1634 0 1238959410 87 19 0 10 10
1635 0 1238959914 87 19 0 10 10
1636 0 1239078215 86 24 0 10 10
1637 0 1239078215 86 24 0 10 10
1638 0 1239197035 87 27 0 10 10
1639 0 1239197905 87 27 0 10 10
1640 0 1239315976 86 29 0 10 10
1641 0 1239316057 86 29 0 10 10
1642 0 1239434699 86 34 0 10 10
1643 0 1239435591 86 35 0 10 10
1644 0 1239553583 85 41 0 10 10
1645 0 1239553583 85 41 0 10 10
1646 0 1239672479 83 46 0 10 10
1647 0 1239672479 83 46 0 10 10
1648 0 1239791270 80 44 0 10 10
1649 0 1239791270 80 44 0 10 10
1650 0 1239910130 80 44 0 10 10
1651 0 1239910130 80 44 0 10 10
1652 0 1240028979 80 43 0 10 10
1653 0 1240028979 80 43 0 10 10
1654 0 1240147812 80 43 0 10 10
1655 0 1240147812 80 43 0 10 10
1656 0 1240266623 80 42 0 10 10
1657 0 1240266623 80 42 0 10 10
1658 0 1240385355 80 41 0 10 10
1659 0 1240385902 80 41 0 10 10
1660 0 1240504265 77 35 0 10 10
1661 0 1240504459 77 35 0 10 10
1662 0 1240623112 69 32 0 10 10
1663 0 1240623112 69 32 0 10 10
1664 0 1240741937 62 30 0 10 10
1665 0 1240741937 62 30 0 10 10
1666 0 1240860794 59 31 0 10 10
1667 0 1240860794 59 31 0 10 10
1668 0 1240979515 63 34 0 10 10
1669 0 1240979745 63 34 0 10 10
1670 0 1241098418 61 39 0 10 10
1671 0 1241098474 61 39 0 10 10
1672 0 1241217179 63 46 0 10 10
1673 0 1241218007 63 46 0 10 10
1674 0 1241336011 60 48 0 10 10
1675 0 1241336584 60 48 0 10 10
1676 0 1241454959 60 51 0 10 10
1677 0 1241454959 60 51 0 10 10
1678 0 1241573675 59 56 0 10 10
1679 0 1241573970 59 56 0 10 10
1680 0 1241692589 60 61 0 10 10
1681 0 1241692589 60 61 0 10 10
1682 0 1241811362 64 59 0 10 10
1683 0 1241811362 64 59 0 10 10
1684 0 1241930171 68 53 0 10 10
1685 0 1241930370 68 53 0 10 10
1686 0 1242049003 74 52 0 10 10
1687 0 1242049003 74 52 0 10 10
1688 0 1242167955 80 51 0 10 10
1689 0 1242167955 80 51 0 10 10
1690 0 1242286747 85 52 0 10 10
1691 0 1242286747 85 52 0 10 10
1692 0 1242405499 88 57 0 10 10
1693 0 1242406394 88 57 0 10 10
1694 0 1242524331 86 56 0 10 10
1695 0 1242524961 86 56 0 10 10
1696 0 1242643251 87 56 0 10 10
1697 0 1242643251 87 56 0 10 10
1698 0 1242762117 87 56 0 10 10
1699 0 1242762117 87 56 0 10 10
1700 0 1242880936 85 56 0 10 10
1701 0 1242880936 85 56 0 10 10
1702 0 1242999778 83 56 0 10 10
1703 0 1242999930 83 56 0 10 10
1704 0 1243118604 82 57 0 10 10
1705 0 1243118604 82 57 0 10 10
1706 0 1243237335 82 58 0 10 10
1707 0 1243237736 82 58 0 10 10
1708 0 1243356155 81 62 0 10 10
1709 0 1243356355 81 62 0 10 10
1710 0 1243474987 85 67 0 10 10
1711 0 1243475143 85 67 0 10 10
1712 0 1243593901 85 72 0 10 10
1713 0 1243594219 85 72 0 10 10
1714 0 1243712768 86 81 0 10 10
1715 0 1243712768 86 81 0 10 10
1716 0 1243831601 85 89 0 10 10
1717 0 1243831601 85 89 0 10 10
1718 0 1243950437 88 89 0 10 10
1719 0 1243950437 88 89 0 10 10
1720 0 1244069259 81 89 0 10 10
1721 0 1244069259 81 89 0 10 10
1722 0 1244188054 77 89 0 10 10
1723 0 1244188452 77 89 0 10 10
1724 0 1244306924 71 88 0 10 10
1725 0 1244306924 71 88 0 10 10
1726 0 1244425735 70 89 0 10 10
1727 0 1244425735 70 89 0 10 10
1728 0 1244544475 70 86 0 10 10
1729 0 1244544980 70 86 0 10 10
1730 0 1244663307 70 81 0 10 10
1731 0 1244663451 70 81 0 10 10
1732 0 1244782207 70 74 0 10 10
1733 0 1244782272 70 74 0 10 10
1734 0 1244900971 70 71 0 10 10
1735 0 1244901123 70 71 0 10 10
1736 0 1245019867 70 67 0 10 10
1737 0 1245019867 70 67 0 10 10
1738 0 1245138749 65 69 0 10 10
1739 0 1245138749 65 69 0 10 10
1740 0 1245257590 61 67 0 10 10
1741 0 1245257590 61 67 0 10 10
1742 0 1245376379 62 68 0 10 10
1743 0 1245376379 62 68 0 10 10
1744 0 1245495131 62 68 0 10 10
1745 0 1245495425 62 68 0 10 10
1746 0 1245613963 63 73 0 10 10
1747 0 1245614218 63 73 0 10 10
1748 0 1245732910 62 76 0 10 10
1749 0 1245732959 62 76 0 10 10
1750 0 1245851732 63 79 0 10 10
1751 0 1245851732 63 79 0 10 10
1752 0 1245970496 58 80 0 10 10
1753 0 1245970625 58 80 0 10 10
1754 0 1246089413 52 78 0 10 10
1755 0 1246089413 52 78 0 10 10
1756 0 1246208123 52 79 0 10 10
1757 0 1246208838 52 79 0 10 10
1758 0 1246327063 52 79 0 10 10
1759 0 1246327083 52 79 0 10 10
1760 0 1246445872 55 77 0 10 10
1761 0 1246445872 55 77 0 10 10
1762 0 1246564649 57 72 0 10 10
1763 0 1246564984 57 72 0 10 10
1764 0 1246683555 55 72 0 10 10
1765 0 1246683555 55 72 0 10 10
1766 0 1246802367 55 70 0 10 10
1767 0 1246802367 55 70 0 10 10
1768 0 1246921216 56 68 0 10 10
1769 0 1246921628 56 68 0 10 10
1770 0 1247039947 57 67 0 10 10
1771 0 1247040865 57 67 0 10 10
1772 0 1247158886 55 68 0 10 10
1773 0 1247158886 55 68 0 10 10
1774 0 1247277641 53 69 0 10 10
1775 0 1247277641 53 69 0 10 10
1776 0 1247396443 48 68 0 10 10
1777 0 1247396634 48 68 0 10 10
1778 0 1247515358 45 69 0 10 10
1779 0 1247515358 45 69 0 10 10
1780 0 1247634220 40 68 0 10 10
1781 0 1247634220 40 68 0 10 10
1782 0 1247753062 40 68 0 10 10
1783 0 1247753062 40 68 0 10 10
1784 0 1247871856 40 69 0 10 10
1785 0 1247872079 40 69 0 10 10
1786 0 1247990670 40 70 0 10 10
1787 0 1247990670 40 70 0 10 10
1788 0 1248109512 40 70 0 10 10
1789 0 1248109512 40 70 0 10 10
1790 0 1248228267 39 70 0 10 10
1791 0 1248228460 39 70 0 10 10
1792 0 1248347168 38 68 0 10 10
1793 0 1248347168 38 68 0 10 10
1794 0 1248466056 39 64 0 10 10
1795 0 1248466056 39 64 0 10 10
1796 0 1248584879 39 63 0 10 10
1797 0 1248584879 39 63 0 10 10
1798 0 1248703720 39 58 0 10 10
1799 0 1248703720 39 58 0 10 10
1800 0 1248822546 40 54 0 10 10
1801 0 1248822715 40 54 0 10 10
1802 0 1248941274 45 55 0 10 10
1803 0 1248941274 45 55 0 10 10
1804 0 1249060146 49 58 0 10 10
1805 0 1249060146 49 58 0 10 10
1806 0 1249179046 53 60 0 10 10
1807 0 1249179046 53 60 0 10 10
1808 0 1249297865 54 60 0 10 10
1809 0 1249297865 54 60 0 10 10
1810 0 1249416699 53 60 0 10 10
1811 0 1249416910 53 60 0 10 10
1812 0 1249535523 53 58 0 10 10
1813 0 1249535523 53 58 0 10 10
1814 0 1249654347 53 56 0 10 10
1815 0 1249654347 53 56 0 10 10
1816 0 1249773124 53 52 0 10 10
1817 0 1249773124 53 52 0 10 10
1818 0 1249891945 53 48 0 10 10
1819 0 1249891945 53 48 0 10 10
1820 0 1250010851 53 44 0 10 10
1821 0 1250010952 53 44 0 10 10
1822 0 1250129685 53 38 0 10 10
1823 0 1250129685 53 38 0 10 10
1824 0 1250248421 54 38 0 10 10
1825 0 1250248923 54 38 0 10 10
1826 0 1250367274 53 38 0 10 10
1827 0 1250367274 53 38 0 10 10
1828 0 1250486147 53 38 0 10 10
1829 0 1250486147 53 38 0 10 10
1830 0 1250604997 50 37 0 10 10
1831 0 1250604997 50 37 0 10 10
1832 0 1250723739 46 38 0 10 10
1833 0 1250724012 46 38 0 10 10
1834 0 1250842694 41 38 0 10 10
1835 0 1250842694 41 38 0 10 10
1836 0 1250961403 35 39 0 10 10
1837 0 1250961546 35 39 0 10 10
1838 0 1251080347 28 38 0 10 10
1839 0 1251080347 28 38 0 10 10
1840 0 1251199191 30 37 0 10 10
1841 0 1251199191 30 37 0 10 10
1842 0 1251317899 30 33 0 10 10
1843 0 1251318336 30 33 0 10 10
1844 0 1251436776 28 31 0 10 10
1845 0 1251436776 28 31 0 10 10
1846 0 1251555683 28 29 0 10 10
1847 0 1251555683 28 29 0 10 10
1848 0 1251674395 28 28 0 10 10
1849 0 1251674850 28 28 0 10 10
1850 0 1251793334 29 27 0 10 10
1851 0 1251793334 29 27 0 10 10
1852 0 1251912129 32 28 0 10 10
1853 0 1251912129 32 28 0 10 10
1854 0 1252030961 36 24 0 10 10
1855 0 1252030961 36 24 0 10 10
1856 0 1252149723 39 23 0 10 10
1857 0 1252150105 39 23 0 10 10
1858 0 1252268665 38 15 0 10 10
1859 0 1252268665 38 15 0 10 10
1860 0 1252387460 43 11 0 10 10
1861 0 1252387460 43 11 0 10 10
1862 0 1252506345 42 12 0 10 10
1863 0 1252506345 42 12 0 10 10
1864 0 1252625177 42 12 0 10 10
1865 0 1252625177 42 12 0 10 10
1866 0 1252743934 37 13 0 10 10
1867 0 1252744040 37 13 0 10 10
1868 0 1252862833 31 12 0 10 10
1869 0 1252862833 31 12 0 10 10
1870 0 1252981669 26 13 0 10 10
1871 0 1252981669 26 13 0 10 10
1872 0 1253100501 20 13 0 10 10
1873 0 1253100876 20 13 0 10 10
1874 0 1253219298 17 13 0 10 10
1875 0 1253219298 17 13 0 10 10
1876 0 1253338154 17 14 0 10 10
1877 0 1253338154 17 14 0 10 10
1878 0 1253456875 17 17 0 10 10
1879 0 1253457214 17 17 0 10 10
1880 0 1253575731 16 23 0 10 10
1881 0 1253575731 16 23 0 10 10
1882 0 1253694645 15 27 0 10 10
1883 0 1253694645 15 27 0 10 10
1884 0 1253813466 15 28 0 10 10
1885 0 1253813466 15 28 0 10 10
1886 0 1253932211 14 28 0 10 10
1887 0 1253932653 14 28 0 10 10
1888 0 1254051035 14 27 0 10 10
1889 0 1254053572 14 27 0 10 10
1890 0 1254169871 15 27 0 10 10
1891 0 1254169871 15 27 0 10 10
1892 0 1254288777 16 27 0 10 10
1893 0 1254288888 16 27 0 10 10
1894 0 1254407531 17 27 0 10 10
1895 0 1254407730 17 27 0 10 10
1896 0 1254526363 20 27 0 10 10
1897 0 1254526918 20 27 0 10 10
1898 0 1254645206 21 29 0 10 10
1899 0 1254645206 21 29 0 10 10
1900 0 1254764151 23 31 0 10 10
1901 0 1254764151 23 31 0 10 10
1902 0 1254882982 23 32 0 10 10
1903 0 1254882982 23 32 0 10 10
1904 0 1255001765 19 33 0 10 10
1905 0 1255001765 19 33 0 10 10
1906 0 1255120523 16 34 0 10 10
1907 0 1255121027 16 34 0 10 10
1908 0 1255239462 16 36 0 10 10
1909 0 1255239462 16 36 0 10 10
1910 0 1255358187 15 40 0 10 10
1911 0 1255358485 15 40 0 10 10
1912 0 1255477105 14 47 0 10 10
1913 0 1255477105 14 47 0 10 10
1914 0 1255595934 17 50 0 10 10
1915 0 1255595934 17 50 0 10 10
1916 0 1255714751 19 50 0 10 10
1917 0 1255714751 19 50 0 10 10
1918 0 1255833633 23 51 0 10 10
1919 0 1255833860 23 51 0 10 10
1920 0 1255952425 23 51 0 10 10
1921 0 1255952425 23 51 0 10 10
1922 0 1256071219 23 53 0 10 10
1923 0 1256071307 23 53 0 10 10
1924 0 1256190132 21 62 0 10 10
1925 0 1256190132 21 62 0 10 10
1926 0 1256308853 18 69 0 10 10
1927 0 1256308853 18 69 0 10 10
1928 0 1256427786 16 64 0 10 10
1929 0 1256427933 16 64 0 10 10
1930 0 1256546633 15 68 0 10 10
1931 0 1256546633 15 68 0 10 10
1932 0 1256665460 13 66 0 10 10
1933 0 1256665460 13 66 0 10 10
1934 0 1256784212 16 68 0 10 10
1935 0 1256784212 16 68 0 10 10
1936 0 1256903097 17 74 0 10 10
1937 0 1256903097 17 74 0 10 10
1938 0 1257021939 20 83 0 10 10
1939 0 1257022290 20 83 0 10 10
1940 0 1257140775 23 87 0 10 10
1941 0 1257140775 23 87 0 10 10
1942 0 1257259524 28 91 0 10 10
1943 0 1257259524 28 91 0 10 10
1944 0 1257378331 28 89 0 10 10
1945 0 1257378498 28 89 0 10 10
1946 0 1257497288 26 89 0 10 10
1947 0 1257497288 26 89 0 10 10
1948 0 1257616012 26 90 0 10 10
1949 0 1257616267 26 90 0 10 10
1950 0 1257734827 26 91 0 10 10
1951 0 1257735247 26 91 0 10 10
1952 0 1257853659 26 87 0 10 10
1953 0 1257853949 26 87 0 10 10
1954 0 1257972579 26 84 0 10 10
1955 0 1257972764 26 84 0 10 10
1956 0 1258091435 26 78 0 10 10
1957 0 1258091435 26 78 0 10 10
1958 0 1258210272 30 73 0 10 10
1959 0 1258210272 30 73 0 10 10
1960 0 1258329111 33 72 0 10 10
1961 0 1258329111 33 72 0 10 10
1962 0 1258447819 34 71 0 10 10
1963 0 1258448276 34 71 0 10 10
1964 0 1258566721 34 70 0 10 10
1965 0 1258566721 34 70 0 10 10
1966 0 1258685483 34 74 0 10 10
1967 0 1258685625 34 74 0 10 10
1968 0 1258804431 34 78 0 10 10
1969 0 1258804431 34 78 0 10 10
1970 0 1258923269 33 83 0 10 10
1971 0 1258923437 33 83 0 10 10
1972 0 1259041979 36 89 0 10 10
1973 0 1259042981 36 89 0 10 10
1974 0 1259160855 35 90 0 10 10
1975 0 1259161278 35 90 0 10 10
1976 0 1259279643 38 90 0 10 10
1977 0 1259280279 39 90 0 10 10
1978 0 1259398475 45 91 0 10 10
1979 0 1259398620 45 91 0 10 10
1980 0 1259517422 51 91 0 10 10
1981 0 1259517695 51 91 0 10 10
1982 0 1259636262 59 90 0 10 10
1983 0 1259636262 59 90 0 10 10
1984 0 1259755057 67 89 0 10 10
1985 0 1259755057 67 89 0 10 10
1986 0 1259873916 66 91 0 10 10
1987 0 1259873916 66 91 0 10 10
1988 0 1259992758 65 89 0 10 10
1989 0 1259992758 65 89 0 10 10
1990 0 1260111589 58 91 0 10 10
1991 0 1260111589 58 91 0 10 10
1992 0 1260230411 52 92 0 10 10
1993 0 1260230411 52 92 0 10 10
1994 0 1260349199 44 90 0 10 10
1995 0 1260349199 44 90 0 10 10
1996 0 1260467975 35 91 0 10 10
1997 0 1260467975 35 91 0 10 10
1998 0 1260586920 32 91 0 10 10
1999 0 1260586920 32 91 0 10 10
2000 0 1260705752 32 91 0 10 10
2001 0 1260705752 32 91 0 10 10
2002 0 1260824509 30 89 0 10 10
2003 0 1260824509 30 89 0 10 10
2004 0 1260943297 30 87 0 10 10
2005 0 1260943670 30 87 0 10 10
2006 0 1261062249 31 88 0 10 10
2007 0 1261062249 31 88 0 10 10
2008 0 1261180955 31 84 0 10 10
2009 0 1261181570 31 84 0 10 10
2010 0 1261299864 31 78 0 10 10
2011 0 1261300047 31 78 0 10 10
2012 0 1261418745 31 71 0 10 10
2013 0 1261418745 31 71 0 10 10
2014 0 1261537565 28 70 0 10 10
2015 0 1261537565 28 70 0 10 10
2016 0 1261656381 28 71 0 10 10
2017 0 1261656381 28 71 0 10 10
2018 0 1261775115 28 71 0 10 10
2019 0 1261775256 28 71 0 10 10
2020 0 1261894047 27 72 0 10 10
2021 0 1261894047 27 72 0 10 10
2022 0 1262012872 28 76 0 10 10
2023 0 1262012872 28 76 0 10 10
2024 0 1262131659 23 82 0 10 10
2025 0 1262131659 23 82 0 10 10
2026 0 1262250461 18 86 0 10 10
2027 0 1262250461 18 86 0 10 10
2028 0 1262369399 16 88 0 10 10
2029 0 1262369399 16 88 0 10 10
2030 0 1262488225 15 88 0 10 10
2031 0 1262488225 15 88 0 10 10
2032 0 1262606939 15 88 0 10 10
2033 0 1262607512 15 88 0 10 10
2034 0 1262725883 15 81 0 10 10
2035 0 1262725883 15 81 0 10 10
2036 0 1262844673 14 77 0 10 10
2037 0 1262844673 14 77 0 10 10
2038 0 1262963439 14 69 0 10 10
2039 0 1262963439 14 69 0 10 10
2040 0 1263082339 13 57 0 10 10
2041 0 1263082339 13 57 0 10 10
2042 0 1263201224 15 57 0 10 10
2043 0 1263201917 15 57 0 10 10
2044 0 1263319931 15 57 0 10 10
2045 0 1263320226 15 57 0 10 10
2046 0 1263438781 16 56 0 10 10
2047 0 1263438894 16 56 0 10 10
2048 0 1263557595 17 57 0 10 10
2049 0 1263557800 17 57 0 10 10
2050 0 1263676427 20 56 0 10 10
2051 0 1263677227 20 56 0 10 10
2052 0 1263795378 22 55 0 10 10
2053 0 1263795378 22 55 0 10 10
2054 0 1263914091 23 55 0 10 10
2055 0 1263914341 23 55 0 10 10
2056 0 1264033043 20 51 0 10 10
2057 0 1264033043 20 51 0 10 10
2058 0 1264151799 15 47 0 10 10
2059 0 1264151799 15 47 0 10 10
2060 0 1264270587 16 44 0 10 10
2061 0 1264270587 16 44 0 10 10
2062 0 1264389501 15 43 0 10 10
2063 0 1264390115 15 43 0 10 10
2064 0 1264508251 16 37 0 10 10
2065 0 1264508711 16 37 0 10 10
2066 0 1264627155 16 35 0 10 10
2067 0 1264627155 16 35 0 10 10
2068 0 1264746037 15 34 0 10 10
2069 0 1264746037 15 34 0 10 10
2070 0 1264864747 15 33 0 10 10
2071 0 1264865134 15 33 0 10 10
2072 0 1264983653 14 33 0 10 10
2073 0 1264983952 14 33 0 10 10
2074 0 1265102411 14 33 0 10 10
2075 0 1265104330 14 33 0 10 10
2076 0 1265221246 14 33 0 10 10
2077 0 1265221246 14 33 0 10 10
2078 0 1265340075 14 33 0 10 10
2079 0 1265349015 14 33 0 10 10
2080 0 1265458907 15 33 0 10 10
2081 0 1265459457 15 33 0 10 10
2082 0 1265577790 16 33 0 10 10
2083 0 1265578774 16 33 0 10 10
2084 0 1265696571 16 33 0 10 10
2085 0 1265697630 16 33 0 10 10
2086 0 1265815403 16 33 0 10 10
2087 0 1265817080 16 33 0 10 10
2088 0 1265934357 15 33 0 10 10
2089 0 1265934469 15 33 0 10 10
2090 0 1266053067 15 33 0 10 10
2091 0 1266054856 15 33 0 10 10
2092 0 1266172018 15 33 0 10 10
2093 0 1266172018 15 33 0 10 10
2094 0 1266290830 15 33 0 10 10
2095 0 1266290830 15 33 0 10 10
2096 0 1266409590 17 35 0 10 10
2097 0 1266409590 17 35 0 10 10
2098 0 1266528510 16 36 0 10 10
2099 0 1266531976 16 36 0 10 10
2100 0 1266647227 16 35 0 10 10
2101 0 1266649269 16 35 0 10 10
2102 0 1266766096 16 36 0 10 10
2103 0 1266776719 17 36 0 10 10
2104 0 1266884891 16 35 0 10 10
2105 0 1266885771 16 35 0 10 10
2106 0 1267003723 16 35 0 10 10
2107 0 1267009827 16 35 0 10 10
2108 0 1267122663 16 35 0 10 10
2109 0 1267123004 16 35 0 10 10
2110 0 1267241387 16 35 0 10 10
2111 0 1267243553 16 35 0 10 10
2112 0 1267360219 16 35 0 10 10
2113 0 1267360549 16 35 0 10 10
2114 0 1267479051 16 35 0 10 10
2115 0 1267481743 16 35 0 10 10
2116 0 1267597883 16 35 0 10 10
2117 0 1267601338 16 35 0 10 10
2118 0 1267716737 16 35 0 10 10
2119 0 1267717880 16 35 0 10 10
2120 0 1267835673 16 35 0 10 10
2121 0 1267835673 16 35 0 10 10
2122 0 1267954424 16 35 0 10 10
2123 0 1267954424 16 35 0 10 10
2124 0 1268073303 16 37 0 10 10
2125 0 1268073898 16 37 0 10 10
2126 0 1268192043 16 38 0 10 10
2127 0 1268193381 16 38 0 10 10
2128 0 1268310999 16 41 0 10 10
2129 0 1268310999 16 41 0 10 10
2130 0 1268429707 16 41 0 10 10
2131 0 1268429851 16 41 0 10 10
2132 0 1268548539 16 43 0 10 10
2133 0 1268549778 16 43 0 10 10
2134 0 1268667427 16 42 0 10 10
2135 0 1268668409 16 42 0 10 10
2136 0 1268786203 16 39 0 10 10
2137 0 1268786908 16 39 0 10 10
2138 0 1268905035 16 38 0 10 10
2139 0 1268905400 16 38 0 10 10
2140 0 1269023993 16 35 0 10 10
2141 0 1269024026 16 35 0 10 10
2142 0 1269142699 16 35 0 10 10
2143 0 1269146646 16 35 0 10 10
2144 0 1269261580 17 35 0 10 10
2145 0 1269262140 17 35 0 10 10
2146 0 1269380363 16 34 0 10 10
2147 0 1269380522 16 34 0 10 10
2148 0 1269499195 16 35 0 10 10
2149 0 1269499590 16 35 0 10 10
2150 0 1269618148 16 35 0 10 10
2151 0 1269618148 16 35 0 10 10
2152 0 1269736859 16 35 0 10 10
2153 0 1269740899 16 35 0 10 10
2154 0 1269855733 16 35 0 10 10
2155 0 1269858656 16 35 0 10 10
2156 0 1269974523 16 35 0 10 10
2157 0 1269975188 16 35 0 10 10
2158 0 1270093355 16 35 0 10 10
2159 0 1270095029 16 35 0 10 10
2160 0 1270212299 16 35 0 10 10
2161 0 1270212316 16 35 0 10 10
2162 0 1270331116 16 34 0 10 10
2163 0 1270331116 16 34 0 10 10
2164 0 1270449869 16 35 0 10 10
2165 0 1270450439 16 35 0 10 10
2166 0 1270568773 17 35 0 10 10
2167 0 1270568773 17 35 0 10 10
2168 0 1270687526 16 35 0 10 10
2169 0 1270687526 16 35 0 10 10
